11 0.5760955384615385 0.4763766298076923 0.5740558557692308 0.4762697331730769 0.5732560168269231 0.4759210216346154 0.5704325264423077 0.4751594639423077 0.5664172956730769 0.47372186298076924 0.5579307908653847 0.47174313942307694 0.5534915865384615 0.4705901105769231 0.5503403317307692 0.46827740865384615 0.5462769975961538 0.4677576658653846 0.5393420721153845 0.4673942211538461 0.5352146009615384 0.4680982884615385 0.5318709302884616 0.4694570192307692 0.52844709375 0.47234551442307693 0.5251354951923077 0.4730923389423077 0.52334340625 0.47606635096153843 0.5206552692307692 0.4805273653846154 0.5147427860576923 0.4918756418269231 0.5109982620192308 0.5008831874999999 0.51011825 0.5020642403846154 0.5078380528846154 0.5065466370192307 0.5045495673076923 0.514657704326923 0.5030852403846153 0.5191828581730769 0.5024528269230769 0.5234448173076923 0.5022283461538462 0.5277281514423077 0.503195608173077 0.5326875336538461 0.5030994014423077 0.53452325 0.5075546394230769 0.5353703245192307 0.5083224086538461 0.5363309399038462 0.50625065625 0.5368359495192307 0.5041468365384616 0.5379528653846154 0.5032347548076923 0.5397458221153847 0.5042982211538461 0.542869485576923 0.5062256658653846 0.5451180504807692 0.5077451754807693 0.547345235576923 0.5097046875 0.5489818942307692 0.5133600865384615 0.5494802596153846 0.5158237403846153 0.5493025817307692 0.520230875 0.551067514423077 0.5246700793269231 0.5522205432692308 0.5279816754807692 0.5514737163461538 0.5301175673076923 0.5497448966346153 0.5313413774038461 0.5498090336538461 0.5346850432692307 0.5484503028846154 0.5343252115384616 0.5475110649038462 0.5372609399038462 0.546130954326923 0.5362776442307692 0.5414775264423077 0.5431484350961538 0.54306478125 0.5523546057692308 0.5469219807692307 0.5591772932692307 0.54942709375 0.5605133437500001 0.5473495625 0.5635452788461538 0.5441337355769231 0.56964121875 0.5370901778846154 0.5758012956730769 0.5288228100961538 0.5798575528846154 0.5216723581730769 0.5835379374999999 0.5138886201923077 0.5881945408653846 0.5030881153846154 0.5901309423076924 0.4973605288461539 0.5924271754807692 0.49257218269230774 0.5930595913461538 0.4883102235576923 0.5940839110576923 0.4843755961538462 0.5897088461538462 0.48199875961538463 0.5861175841346153 0.48027658653846156 0.5829182259615384 0.4788817427884616 0.5797188701923077 0.47748689903846153 0.5760955384615385 0.4763766298076923
44 0.5035785552884615 0.5409910120192307 0.5050659951923077 0.5438301033653846 0.5065855 0.5460572884615384 0.5081370769230769 0.5476725673076923 0.5097046875 0.5489818942307692 0.5125442115384615 0.5494375024038461 0.5145999302884615 0.5492384447115385 0.5162637451923077 0.5487120552884616 0.5179916995192307 0.5469618557692308 0.51849584375 0.5451475168269231 0.5173842716346153 0.5429417115384616 0.5154728629807692 0.5403871947115385 0.5139693894230769 0.5378540576923077 0.5119938413461539 0.5365233509615385 0.5091382836538462 0.5363736995192308 0.5074905024038462 0.5365941346153846 0.50541875 0.5370991442307692 0.5041468365384616 0.5379528653846154 0.5032507884615385 0.5394398701923077 0.5035785552884615 0.5409910120192307
56 0.75150653125 0.5012159735576923 0.7525058629807693 0.5055634447115385 0.7550728028846153 0.5112202475961538 0.7537046826923077 0.5139096850961539 0.7556160961538462 0.516464201923077 0.7574473341346154 0.5205484831730769 0.7591182283653846 0.5276922884615385 0.7591573774038461 0.534750579326923 0.7589168629807692 0.5393398677884615 0.7606679302884616 0.5449539134615384 0.7618757067307692 0.5453240024038462 0.7631315865384616 0.5447762355769231 0.7703141057692308 0.5482205841346154 0.7698189182692308 0.5420587716346155 0.7707559879807693 0.5319837139423077 0.7712049495192308 0.5234170384615384 0.7724377139423078 0.5155050288461539 0.7744222139423077 0.5088595841346154 0.7767665528846154 0.5031533798076923 0.7790467499999999 0.498670985576923 0.7755196274038462 0.49572499759615385 0.7720085360576923 0.4924730600961539 0.7668817355769231 0.48882965384615384 0.7637304807692308 0.4865169519230769 0.7626189110576923 0.4843111466346154 0.7548360408653847 0.48451684855769234 0.7570591826923077 0.48892846153846153 0.7536513774038462 0.49151100240384615 0.753475 0.4948764807692308 0.7532986225961539 0.4982419615384615 0.75150653125 0.5012159735576923
5 0.0675277139423077 0.8375100673076923 0.05831071153846154 0.8572753629807692 0.06803706009615385 0.8590122716346154 0.0772540625 0.8392469759615384 0.0675277139423077 0.8375100673076923
5 0.15495036538461537 0.3401783485576923 0.1596390360576923 0.3287659399038461 0.15317618269230768 0.3272000625 0.14923924759615384 0.33987904326923074 0.15495036538461537 0.3401783485576923
5 0.17351554807692307 0.40741859855769236 0.16913340144230768 0.3973715625 0.16257434375 0.3976414014423077 0.1661406153846154 0.40764568028846154 0.17351554807692307 0.40741859855769236
5 0.1772117860576923 0.13395295432692308 0.16167811298076923 0.1337524543269231 0.1615498389423077 0.13620007692307692 0.17708351201923078 0.13640057451923077 0.1772117860576923 0.13395295432692308
5 0.19403860817307692 0.1563103221153846 0.19288788701923076 0.14704622596153846 0.1879605769230769 0.14740157932692308 0.1891754326923077 0.15544186778846153 0.19403860817307692 0.1563103221153846
5 0.1811270576923077 0.16851896153846152 0.17048863221153845 0.16857500961538463 0.17111209375 0.17228920192307692 0.17845495913461537 0.17267402403846152 0.1811270576923077 0.16851896153846152
5 0.20179086057692308 0.21132575240384616 0.20390363701923078 0.20223268990384616 0.19825665865384617 0.20070957211538462 0.1961118125 0.21041453846153846 0.20179086057692308 0.21132575240384616
5 0.1415511298076923 0.28363980048076926 0.14086353125 0.2811494206730769 0.13919971394230768 0.28167581009615383 0.127553 0.28536053125 0.12984027884615384 0.2885483341346154 0.1415511298076923 0.28363980048076926
5 0.28982693509615387 0.2018270480769231 0.2708694254807692 0.20451504567307693 0.27234083173076923 0.20766008894230767 0.2905145360576923 0.20431743028846153 0.28982693509615387 0.2018270480769231
5 0.27948462740384616 0.13379057451923076 0.2650233798076923 0.1287375889423077 0.2640471610576923 0.13175435817307693 0.2769087307692308 0.13610992067307692 0.27948462740384616 0.13379057451923076
5 0.33586196634615384 0.1195647764423077 0.34750868028846155 0.11588005288461539 0.3451572644230769 0.1139160625 0.33520643509615383 0.1164624903846154 0.33586196634615384 0.1195647764423077
5 0.4083502115384615 0.0945251826923077 0.41089403846153844 0.09281774038461539 0.40932642788461543 0.09150841346153847 0.3929768846153846 0.09126515624999999 0.3928486105769231 0.09371277884615384 0.4083502115384615 0.0945251826923077
5 0.3597363798076923 0.06988834375 0.3490658822115385 0.07055629807692308 0.3497855504807692 0.07243477403846153 0.3595760360576923 0.0729478701923077 0.3597363798076923 0.06988834375
5 0.39322302403846154 0.03973683173076924 0.3824242524038462 0.04285240865384616 0.38477566826923076 0.04481639903846154 0.3955423725961538 0.04231272836538461 0.39322302403846154 0.03973683173076924
5 0.4071032884615385 0.08709680288461538 0.4088953774038462 0.08412279086538461 0.39841729326923075 0.08111931250000001 0.3951858653846154 0.080336375 0.3942417163461539 0.08274123798076924 0.4071032884615385 0.08709680288461538
5 0.39163750480769227 0.054379802884615386 0.38159046875 0.05876194951923076 0.3855736346153846 0.06081145673076923 0.39552446153846155 0.058265026442307695 0.39163750480769227 0.054379802884615386
5 0.40376524759615384 0.0415165 0.3978937884615385 0.044276718750000006 0.4035086995192308 0.04641174278846154 0.4094122259615384 0.04303961778846154 0.40376524759615384 0.0415165
5 0.5148231947115385 0.1547143485576923 0.5104410504807693 0.14466731490384616 0.5055137403846154 0.14502267067307692 0.5083603437499999 0.1531484735576923 0.5123435048076923 0.15519798076923078 0.5148231947115385 0.1547143485576923
5 0.4974049783653846 0.12803088701923077 0.499980875 0.1257115408653846 0.4904148701923077 0.12091510336538461 0.48633550000000003 0.12070131249999999 0.4862072259615384 0.12314893509615385 0.4974049783653846 0.12803088701923077
5 0.5027350240384615 0.10438036778846153 0.4914731346153846 0.10072222596153847 0.48971311057692307 0.10308433173076924 0.4984953100961539 0.10722610576923076 0.5027350240384615 0.10438036778846153
5 0.5653290745192308 0.14324877163461538 0.5702884567307692 0.1422815096153846 0.5625145408653845 0.13451106490384615 0.5592189783653846 0.1349519375 0.5591227716346154 0.1367876514423077 0.5653290745192308 0.14324877163461538
5 0.6286569543269231 0.19933604086538462 0.62790521875 0.1980694735576923 0.6237617115384615 0.19907949278846154 0.6168819663461539 0.2054683846153846 0.6208971971153846 0.20690598798076923 0.6286569543269231 0.19933604086538462
5 0.66361621875 0.5625703317307692 0.6646245048076923 0.55894165625 0.6581295817307692 0.5579876874999999 0.6458414951923076 0.5739105168269231 0.6514564062499999 0.5760455408653846 0.66361621875 0.5625703317307692
5 0.7862575889423078 0.5327961177884615 0.7812519807692309 0.5190348942307692 0.7739091153846154 0.5186500721153846 0.7772829783653846 0.5323257788461538 0.7862575889423078 0.5327961177884615
5 0.5809884855769231 0.5625350961538461 0.5644465264423076 0.5659632716346154 0.5681410745192308 0.5735199278846154 0.5840595673076924 0.5663775600961538 0.5809884855769231 0.5625350961538461
5 0.6847364831730769 0.5342250673076923 0.6835999230769231 0.5403013629807693 0.6876792908653846 0.5405151538461539 0.6971990697115384 0.5305831033653846 0.69321590625 0.5285335961538462 0.6847364831730769 0.5342250673076923
5 0.6903938701923077 0.5823812668269231 0.6812268461538462 0.585582360576923 0.6842979302884615 0.5894248245192307 0.6926811490384615 0.5855690673076923 0.6903938701923077 0.5823812668269231
5 0.592798076923077 0.13425739903846154 0.5940629134615384 0.12573348317307692 0.5899835408653846 0.1255196923076923 0.5895345817307692 0.13408636778846156 0.592798076923077 0.13425739903846154
5 0.584910048076923 0.14427496634615383 0.5948929447115385 0.14111663221153845 0.5925735961538462 0.13854073557692306 0.5826227692307693 0.1410871658653846 0.584910048076923 0.14427496634615383
5 0.50935446875 0.13417940625 0.5134338389423078 0.1343931971153846 0.5072916706730769 0.12670826923076922 0.5048440504807693 0.1265799951923077 0.5046837067307692 0.1296395216346154 0.50935446875 0.13417940625
5 0.05509016826923077 0.23186245192307692 0.04034030288461539 0.23231661538461537 0.04096376682692308 0.23603080528846154 0.05571363221153846 0.2355766394230769 0.05509016826923077 0.23186245192307692
5 0.1548928846153846 0.4193279302884615 0.1653568076923077 0.4069910168269231 0.15895809374999997 0.40420132932692304 0.1509738581730769 0.41605461298076923 0.1548928846153846 0.4193279302884615
5 0.12289349278846154 0.18694257932692307 0.12810942307692308 0.18108007451923078 0.12484592548076923 0.18090904086538462 0.12051000721153846 0.1855904951923077 0.12289349278846154 0.18694257932692307
5 0.21549662259615385 0.24640485576923077 0.20498646875 0.24401328365384614 0.20489026201923075 0.245849 0.21455247115384615 0.24880972115384617 0.21549662259615385 0.24640485576923077