41 0.6050018365384615 0.8592954399038462 0.8917113894230769 0.7269315360576923 0.88458440625 0.7202551971153847 0.5978748533653846 0.8526190985576924 0.6050018365384615 0.8592954399038462
37 0.5983590360576924 0.9640918245192308 0.6354447644230768 0.9382158725961538 0.6194264567307692 0.933603125 0.6024545408653846 0.9385789879807693 0.5966632524038462 0.9544745600961538 0.5983590360576924 0.9640918245192308
56 0.7004070745192308 0.5980367307692307 0.6821795552884615 0.6146377067307692 0.6965460817307693 0.6998635384615385 0.72426421875 0.710842125 0.7074178750000001 0.6265493653846155 0.7241621225961539 0.6315299230769231 0.7453781947115385 0.6168810528846154 0.7004070745192308 0.5980367307692307
5 0.7225626682692308 0.6749477475961538 0.7277070360576924 0.6328881129807692 0.7142428677884615 0.6352622091346153 0.7225626682692308 0.6749477475961538
28 0.5992784375 0.5231512620192308 0.5770878269230769 0.56226684375 0.5657643173076923 0.5617844158653846 0.5677934879807692 0.5470480192307693 0.5585049158653846 0.5581063052884615 0.5651127019230769 0.5693365192307692 0.5811414735576923 0.5665102139423077 0.6168810408653846 0.5255013990384616 0.6126578173076923 0.5202963028846154 0.5992784375 0.5231512620192308
32 0.5116186634615384 0.4121755336538462 0.5098113942307692 0.39067839663461534 0.49133419951923074 0.37212061778846156 0.4650470144230769 0.37675575961538466 0.4593881418269231 0.38965310096153843 0.4529766346153846 0.39078362259615385 0.4510694134615385 0.40996084134615385 0.4656730048076923 0.41779792307692304 0.5116186634615384 0.4121755336538462
57 0.38975920913461537 0.5234049350961538 0.3826693894230769 0.5206885528846154 0.3564669903846154 0.5258045552884615 0.3419691201923077 0.5035702331730769 0.3148387379807692 0.46968057692307696 0.27685172115384615 0.46794987740384614 0.2772280408653846 0.47383328846153844 0.29201167307692305 0.4751930456730769 0.2790829375 0.49185132932692305 0.32893466586538456 0.5346257572115385 0.3721042836538461 0.5582500576923077 0.38789961778846155 0.5391030600961538 0.4239260192307693 0.5372129567307693 0.43150257451923074 0.49769934374999997 0.38975920913461537 0.5234049350961538
56 0.19405484615384616 0.5757621923076923 0.15845239182692308 0.5800566081730769 0.13234525 0.5782144230769231 0.12236789903846154 0.5928648581730769 0.13836527884615385 0.6123557091346153 0.15221623076923077 0.6084259711538461 0.17285500961538464 0.6092491201923077 0.1825675264423077 0.6005951490384616 0.17783556730769232 0.5925048725961538 0.19405484615384616 0.5757621923076923
5 0.22226910817307693 0.47707845192307696 0.17132088942307694 0.4543299158653846 0.16112633653846153 0.47149771875 0.21233938701923077 0.48824979086538456 0.22226910817307693 0.47707845192307696
28 0.27400753125 0.24186449038461538 0.2779125264423077 0.23026803125 0.29483681971153847 0.22877126442307694 0.30660520432692306 0.21677990384615387 0.29952584615384614 0.20662446875 0.2898714206730769 0.20436029567307695 0.271050375 0.2175952283653846 0.26087675 0.2198849278846154 0.25385078846153847 0.2325275096153846 0.23461626201923075 0.23591907692307693 0.24285596874999998 0.24140758653846153 0.24690961538461537 0.24565095673076923 0.26122167548076924 0.24808549278846154 0.27400753125 0.24186449038461538
56 0.7301627019230769 0.4668533125 0.7128992548076922 0.46642662740384616 0.6959749663461537 0.4679233942307693 0.6931664591346153 0.4594939615384615 0.68589659375 0.46325490384615386 0.6756381802884615 0.4650637403846154 0.6757020384615384 0.48042270673076926 0.6887794230769231 0.47960425240384613 0.7087770528846153 0.4805404543269231 0.7307457596153846 0.47765840625 0.7301627019230769 0.4668533125
5 0.7779383004807693 0.8615257836538461 0.7706045745192308 0.8499277596153847 0.7407620144230769 0.8606437596153846 0.74715259375 0.8743913413461539 0.7779383004807693 0.8615257836538461
56 0.6451320600961539 0.7044668942307692 0.6528363365384616 0.6956712163461538 0.6483111177884615 0.6925026225961539 0.5895005841346154 0.730142264423077 0.5953452668269231 0.7370447091346153 0.6451320600961539 0.7044668942307692
56 0.08568814182692308 0.2086312331730769 0.08322925721153845 0.1946862019230769 0.07005661778846153 0.20246284615384613 0.07474094951923077 0.21403221634615385 0.08568814182692308 0.2086312331730769