28 0.7434884735576923 0.2225161346153846 0.7400266274038461 0.21725740384615386 0.7247400360576923 0.24166329326923078 0.7290334278846153 0.24184959134615386 0.7434884735576923 0.2225161346153846
5 0.07340119471153847 0.1410134855769231 0.08258712259615385 0.18742816346153848 0.09113872596153846 0.1867933076923077 0.09710133894230769 0.18423150721153847 0.09045749038461538 0.13840050721153846 0.0848461514423077 0.13657910096153847 0.07340119471153847 0.1410134855769231
5 0.03417971634615385 0.5848569735576923 0.03229459375 0.45144095192307687 0.027509204326923074 0.45160806009615384 0.02798869471153846 0.5880992067307692 0.03417971634615385 0.5848569735576923
5 0.2462078341346154 0.9156964711538461 0.24762465865384617 0.898499451923077 0.2450060841346154 0.8885041033653847 0.2307615889423077 0.8994245504807693 0.24148720913461538 0.9249394278846155 0.25304997115384614 0.9383209278846153 0.2605645360576923 0.929652858173077 0.2520297235576923 0.9091048653846154 0.25021418028846154 0.9148841129807692 0.2462078341346154 0.9156964711538461
28 0.7524186346153846 0.9548414495192308 0.7585923341346154 0.9583243485576923 0.7642679038461538 0.9547638918269231 0.7521411778846154 0.8963477572115385 0.7398937259615385 0.8994652596153846 0.7524186346153846 0.9548414495192308
28 0.6385375192307693 0.6905096586538462 0.6322582764423077 0.6840044086538462 0.6325045432692308 0.6910565625 0.6374541129807691 0.6955908870192308 0.6385375192307693 0.6905096586538462
28 0.47456990144230765 0.7177540168269231 0.47196305528846155 0.7080944879807693 0.46841965625 0.7149427524038461 0.46909928605769236 0.7199624134615384 0.47456990144230765 0.7177540168269231
28 0.4238546225961538 0.6374858100961538 0.42301134855769235 0.6422224278846154 0.43235985096153845 0.6499654014423076 0.4435993173076923 0.6324253701923077 0.4308241514423077 0.6204311129807691 0.4238546225961538 0.6374858100961538
28 0.3542763125 0.6452951610576924 0.3492212019230769 0.637738483173077 0.34778651923076925 0.6472029206730769 0.3542763125 0.6452951610576924
28 0.2853766033653846 0.9469426225961539 0.28917186538461537 0.9400855625000001 0.28391180048076925 0.9338809471153847 0.28065544471153847 0.9417278677884616 0.2853766033653846 0.9469426225961539
28 0.14760800480769232 0.8001155336538462 0.1462436826923077 0.8115948725961538 0.13566599038461538 0.826421985576923 0.13434298076923076 0.8463055408653847 0.13747087259615384 0.8492223461538462 0.15596238701923076 0.8516026466346154 0.15790638942307694 0.8350596706730768 0.15642319711538463 0.7998077019230769 0.14760800480769232 0.8001155336538462
28 0.7199975624999999 0.2936077572115385 0.72525709375 0.2853546586538461 0.7204130697115385 0.2838426826923077 0.7136423629807692 0.29214855528846156 0.7199975624999999 0.2936077572115385
56 0.3748727956730769 0.5490876394230769 0.3781352836538462 0.548637485576923 0.37824136298076927 0.566117548076923 0.3800697019230769 0.5895895432692307 0.38588599519230765 0.5900588870192307 0.40967781490384614 0.5781325913461539 0.43718280769230766 0.5569985144230769 0.4353025 0.5537019158653846 0.4147379855769231 0.5641706057692308 0.41405728605769226 0.5302355192307693 0.4122763894230769 0.5225645024038461 0.41055466346153846 0.5310302860576923 0.4095661418269231 0.5677134759615384 0.38321491826923076 0.5857812211538461 0.3828854927884615 0.5474629254807692 0.40903175961538457 0.5307472403846154 0.4100213533653846 0.5229794759615385 0.37592102644230774 0.5429989615384615 0.3748727956730769 0.5490876394230769
5 0.10993625240384615 0.5445541490384616 0.10360450721153845 0.543766576923077 0.09560353605769231 0.5457271105769231 0.1004374423076923 0.5902764086538462 0.11275525240384615 0.5891738076923076 0.10955699759615384 0.5842420985576923 0.11096822836538461 0.5741060264423077 0.11222140865384615 0.5666652884615385 0.10993625240384615 0.5445541490384616
5 0.17474653846153845 0.8479206514423077 0.17618788701923077 0.8603106923076923 0.17819719230769232 0.86730128125 0.21348087740384616 0.8522838677884615 0.2108092644230769 0.8335484879807692 0.17474653846153845 0.8479206514423077
5 0.26269831250000003 0.9763138028846154 0.2634416394230769 0.9614938870192307 0.24334513461538462 0.9564798245192307 0.2377460576923077 0.9694519471153846 0.26269831250000003 0.9763138028846154
28 0.7041755649038461 0.5698658605769231 0.6997179975961539 0.5649781274038461 0.6963678245192307 0.570138514423077 0.7010655288461538 0.5746816346153846 0.7041755649038461 0.5698658605769231