19 0.5859428221153846 0.32419687500000005 0.586230125 0.3156013870192308 0.5796802572115385 0.30464429567307694 0.5732215889423077 0.2957505240384615 0.5727714038461539 0.2883097668269231 0.5695167596153846 0.2928966538461539 0.5244973846153846 0.3255428894230769 0.5231194038461539 0.33279149759615384 0.5262322355769231 0.34420883653846157 0.5335079951923076 0.3482595240384615 0.5805553221153846 0.32855958653846157 0.5859428221153846 0.32419687500000005
19 0.6646666514423077 0.5394874927884615 0.6768449423076923 0.5144796850961538 0.6614652956730769 0.4409825216346154 0.6515189759615385 0.4506165360576923 0.6473950673076924 0.43416396875 0.6355430985576922 0.42675707692307696 0.6304175889423077 0.4315580721153846 0.6329579350961538 0.43962926201923075 0.6326706346153846 0.4482247524038462 0.62690675 0.4385825096153846 0.6199356874999999 0.43456384615384613 0.6137115865384616 0.45567925 0.6162751225961538 0.4752537908653846 0.6291629182692307 0.5431493413461539 0.6390296394230769 0.5372036802884615 0.6536433653846154 0.5329891875 0.6604009326923077 0.5390391490384615 0.6646666514423077 0.5394874927884615
4 0.5290261057692308 0.4348667908653846 0.5412275865384616 0.42136233173076926 0.5276618389423077 0.42732995673076923 0.5290261057692308 0.4348667908653846
4 0.55131884375 0.48362424519230773 0.5545271057692308 0.4560306610576923 0.5381142019230769 0.4744321923076923 0.534213266826923 0.48223712500000004 0.55131884375 0.48362424519230773
4 0.7745858918269231 0.5136625072115385 0.7704424759615385 0.5091195480769231 0.7673412379807693 0.5034538870192308 0.7649658942307693 0.4908818197115385 0.7635162259615385 0.4841575048076923 0.7472024326923077 0.48696107211538464 0.7396646802884616 0.4824721009615385 0.7340810721153846 0.4974936201923077 0.7323303918269232 0.5141502379807692 0.7352840216346154 0.5329442836538462 0.7426393798076922 0.5333066153846153 0.7519141033653847 0.5359244182692308 0.7602378413461538 0.5417282379807692 0.769050783653846 0.5311536033653846 0.7745858918269231 0.5136625072115385
4 0.8967055072115385 0.6033074567307692 0.8927270889423077 0.5942636250000001 0.8871571947115384 0.5944996971153846 0.8791750528846154 0.5854458028846155 0.8629213509615384 0.5964706225961538 0.8660225889423077 0.6021362836538462 0.869642016826923 0.6058026754807693 0.8760152884615385 0.6155089639423077 0.8818898774038462 0.6153049158653846 0.8879837620192308 0.6159454086538462 0.8967055072115385 0.6033074567307692
4 0.754187764423077 0.41170709375 0.7530738990384616 0.39885687019230764 0.7434633749999999 0.4023649783653846 0.7460464206730768 0.41002990865384614 0.754187764423077 0.41170709375
4 0.65343309375 0.3855089711538462 0.6449501538461538 0.3870818581730769 0.6446628509615385 0.39567734615384614 0.6520124134615385 0.3931638413461539 0.65343309375 0.3855089711538462
4 0.6329068677884616 0.28477233653846157 0.6293923461538462 0.2683838173076923 0.6212683966346154 0.2753341466346154 0.6224365600961538 0.2935297860576923 0.6217048701923077 0.2975603485576923 0.6182483245192307 0.30993020432692303 0.630211 0.30749081009615387 0.6340265336538462 0.3004983966346154 0.6329068677884616 0.28477233653846157
4 0.5773992355769231 0.3820357043269231 0.5868679447115385 0.3945318173076923 0.5929386394230769 0.38366896153846153 0.5773992355769231 0.3820357043269231
4 0.5872748774038462 0.46686603365384616 0.6009745216346154 0.46255546875000003 0.6030472884615384 0.4545583870192308 0.5831741586538461 0.4619168149038462 0.5872748774038462 0.46686603365384616
4 0.6680926466346153 0.468788375 0.6703087860576923 0.4887371490384615 0.6760979783653845 0.48934561778846153 0.684478125 0.47995773557692306 0.6744912235576923 0.4694608918269231 0.6680926466346153 0.468788375
4 0.5503926129807692 0.5422636947115385 0.5532940600961539 0.535175204326923 0.5516562067307692 0.5214484134615385 0.5406076105769231 0.5239838822115385 0.5446577163461538 0.547000639423077 0.5503926129807692 0.5422636947115385
4 0.4922766274038462 0.6408959038461539 0.5019182524038461 0.631229860576923 0.48157754326923075 0.622520016826923 0.47151683894230767 0.6185873653846153 0.45016873317307693 0.6282552475961538 0.4551097307692308 0.6398647307692307 0.4722522091346154 0.6379697596153846 0.4758716370192308 0.6416361514423077 0.4922766274038462 0.6408959038461539
4 0.3393802259615385 0.63304078125 0.34450573317307687 0.6282397836538463 0.35068501682692305 0.6280677596153846 0.3486570673076923 0.6151214591346154 0.3363527956730769 0.6208109254807692 0.3393802259615385 0.63304078125
4 0.6296515697115385 0.5912580817307692 0.6197363557692307 0.5947341658653846 0.6094795432692307 0.6014603221153846 0.6143778413461539 0.6134760649038461 0.6154490096153846 0.6267325504807691 0.6157573846153847 0.65017753125 0.6194622091346154 0.65303140625 0.6274427884615386 0.6181352211538461 0.6296515697115385 0.5912580817307692
4 0.6931291923076923 0.5617841274038462 0.6827094975961538 0.5524740360576923 0.6657921129807692 0.558089389423077 0.6580097596153845 0.5617896466346154 0.6519585745192308 0.5607428966346154 0.649794610576923 0.5666766562500001 0.6433960312499999 0.5660041370192308 0.649977002403846 0.570803295673077 0.6503786899038461 0.5757744783653846 0.6425905360576922 0.5765988966346154 0.648531016826923 0.5874919375000001 0.6520107524038461 0.5866254302884616 0.6604314807692307 0.5973684110576923 0.6694927091346153 0.6020175048076923 0.6802851033653846 0.6019195889423077 0.6884148509615385 0.5978451009615384 0.6939984591346153 0.5828235793269231 0.6931291923076923 0.5617841274038462
4 0.5923712956730769 0.6850975192307692 0.58131690625 0.6847571490384615 0.5799505216346155 0.6977574326923077 0.5841366370192308 0.7018941346153846 0.5900423317307693 0.6955321514423077 0.5971841923076924 0.6979257788461539 0.6008716274038461 0.6921521418269231 0.5923712956730769 0.6850975192307692
4 0.6112713605769231 0.5404473701923077 0.6082613197115385 0.5368450288461538 0.6046671995192308 0.5241448629807692 0.5884930985576923 0.5314813293269232 0.5774076033653845 0.537298891826923 0.5954873533653846 0.5470033413461539 0.6046223822115384 0.5450882427884616 0.6182113197115384 0.55062396875 0.6164938605769231 0.54058553125 0.6112713605769231 0.5404473701923077
4 0.6604098557692308 0.6298151370192309 0.6618500456730769 0.6102506586538461 0.6531847115384615 0.6076969086538462 0.6561441370192308 0.6293667932692307 0.6604098557692308 0.6298151370192309
4 0.7063823317307693 0.5734457596153846 0.7058040480769231 0.5672237764423077 0.70214771875 0.5668394807692307 0.7034830000000001 0.5599971274038462 0.6980412019230768 0.5590144278846154 0.6935677836538462 0.5634732115384615 0.6957238341346154 0.5752007331730769 0.6930590697115384 0.5917612764423077 0.6952578197115385 0.6030825408653846 0.7057824206730768 0.5996705048076924 0.7122975048076923 0.5933725721153846 0.7093185697115385 0.5836122956730769 0.7108731442307692 0.577614483173077 0.7063823317307693 0.5734457596153846
4 0.6967886490384616 0.6500685769230768 0.7065873629807692 0.6535629447115384 0.7128947427884615 0.6521721418269231 0.7095257163461538 0.6431923605769231 0.7049553004807693 0.6427119903846154 0.6967886490384616 0.6500685769230768
4 0.6824854134615385 0.6571909302884615 0.6848686730769231 0.6521017115384615 0.6868871466346154 0.6387592163461538 0.6787943004807692 0.6395516105769231 0.6712739375 0.6436901514423077 0.6824854134615385 0.6571909302884615
4 0.67032875 0.6497520120192307 0.6706197331730769 0.6645694807692308 0.6723371923076923 0.6746079182692307 0.6755491346153846 0.6704272908653847 0.6767273293269231 0.6504245288461538 0.6736745889423077 0.6472284447115384 0.67032875 0.6497520120192307
4 0.6869451201923076 0.6675175889423077 0.6912398293269231 0.6823451201923076 0.6967981274038462 0.6763573725961538 0.6869451201923076 0.6675175889423077
4 0.5097417451923077 0.583173266826923 0.5124586875 0.5924952596153846 0.5173822908653846 0.5954772331730769 0.5212774254807692 0.5847964639423077 0.5165304158653846 0.5830652932692307 0.5097417451923077 0.583173266826923
4 0.6368803942307693 0.6367892692307693 0.6397022427884616 0.6333891346153847 0.6291913533653847 0.6220157259615384 0.6255524134615384 0.6302589423076923 0.6293231322115385 0.6442099062500001 0.6349357235576923 0.6435675721153846 0.6300316322115385 0.6286759903846153 0.6368803942307693 0.6367892692307693
4 0.4734461322115384 0.8200560961538461 0.46830902884615383 0.819105420673077 0.4603869783653846 0.8182727788461539 0.4641945985576923 0.8289416466346153 0.4707328725961538 0.8341470625 0.4749985889423077 0.83459540625 0.47646196875 0.8265342764423077 0.4734461322115384 0.8200560961538461
4 0.6494213557692308 0.6405718581730769 0.6603165408653846 0.6482889375 0.6539005697115384 0.6389889110576923 0.6498910504807692 0.6361030120192308 0.6494213557692308 0.6405718581730769
4 0.6669966225961539 0.6374901322115385 0.6661542283653846 0.6513669855769231 0.6711769447115384 0.6387509927884616 0.6669966225961539 0.6374901322115385
4 0.5930792427884616 0.7340508004807693 0.5898672980769231 0.7382314278846154 0.6038948269230769 0.7454562355769231 0.6071494711538462 0.7408693509615384 0.5993555192307692 0.7388179326923077 0.5930792427884616 0.7340508004807693
4 0.6486332524038462 0.6597941274038461 0.6482120528846154 0.6667325552884615 0.6555558197115385 0.6613432115384617 0.6538441586538462 0.6541806129807692 0.6450565240384616 0.6557214759615384 0.6486332524038462 0.6597941274038461
4 0.6030794014423078 0.5568377283653846 0.6105259591346154 0.5592633798076924 0.6088142980769231 0.55210078125 0.6030794014423078 0.5568377283653846
4 0.5794581899038461 0.6262357379807693 0.5803606778846153 0.6205801370192308 0.5756990673076923 0.6180364471153846 0.5727607163461539 0.62840703125 0.5794581899038461 0.6262357379807693
4 0.6261063990384615 0.75395196875 0.6136877403846154 0.7460747644230769 0.6222423677884615 0.7584748052884615 0.6261063990384615 0.75395196875
4 0.7115873413461539 0.8023680745192308 0.7184187115384616 0.8018538413461538 0.7169632475961538 0.7922536875 0.7192068125000001 0.7826315721153846 0.7127829302884615 0.7909928245192308 0.7115873413461539 0.8023680745192308
4 0.7973982836538462 0.8417824350961538 0.8015011201923077 0.8261945336538462 0.79562653125 0.8263985841346154 0.7936080576923078 0.8397410793269231 0.7973982836538462 0.8417824350961538
4 0.66710375 0.36681921874999995 0.6639772067307692 0.37018732932692305 0.6620694423076923 0.37368353365384616 0.6715634591346155 0.37714587740384614 0.66710375 0.36681921874999995
4 0.6421260865384616 0.6484307788461539 0.632162375 0.6494372836538461 0.6333927427884615 0.6553170576923077 0.6439173485576923 0.6519050216346154 0.6421260865384616 0.6484307788461539
4 0.6284438341346154 0.6613688557692308 0.6255133942307692 0.6540781586538462 0.6233067307692307 0.6604181778846154 0.6265845649038462 0.6673346418269231 0.6284438341346154 0.6613688557692308
4 0.6218739038461538 0.7268085721153846 0.6229703798076923 0.7310312836538462 0.6293030673076923 0.7206067115384616 0.6292914711538462 0.7148550360576924 0.6257321370192308 0.7194098990384615 0.6218739038461538 0.7268085721153846
4 0.63761309375 0.7411959783653846 0.6350242500000001 0.7306552091346153 0.6308128245192308 0.7355522788461539 0.63761309375 0.7411959783653846
4 0.6684284471153846 0.4626624663461539 0.6704875 0.4694508293269231 0.6812740985576924 0.46647707932692306 0.6725117692307693 0.45898417307692313 0.6684284471153846 0.4626624663461539
4 0.680367375 0.5132069182692308 0.6879362355769231 0.5115379567307692 0.6839209158653846 0.5057762211538461 0.680367375 0.5132069182692308
4 0.30944805528846153 0.44300496634615383 0.30707059375 0.4509700216346154 0.31682660336538465 0.4548706490384615 0.3340971802884616 0.4517568966346154 0.3299848653846154 0.4410560048076923 0.31693731009615383 0.4450243605769231 0.30944805528846153 0.44300496634615383
4 0.6589558533653845 0.9015767283653846 0.6532462668269231 0.8972799038461539 0.6398571105769231 0.9044983317307692 0.6480838557692308 0.9053629975961539 0.6589558533653845 0.9015767283653846
4 0.8214891923076924 0.7679155769230769 0.81899734375 0.7623139663461539 0.8127326586538461 0.7632985072115385 0.8070947596153846 0.7729746105769231 0.8109334807692308 0.7774855456730769 0.8214891923076924 0.7679155769230769
4 0.6468521201923078 0.38070981490384614 0.6384118822115384 0.3818764423076923 0.6466017211538462 0.3860232043269231 0.6468521201923078 0.38070981490384614
4 0.9160495048076923 0.29029776201923074 0.9245614326923076 0.3031040576923077 0.9248798389423077 0.28835063701923075 0.9160495048076923 0.29029776201923074
4 0.9393401610576924 0.2943886947115385 0.9264518076923077 0.2909803389423077 0.9276568725961538 0.30589388461538464 0.9393401610576924 0.2943886947115385
4 0.9272399086538462 0.2717580721153846 0.9212915168269231 0.27852631490384616 0.9259220216346153 0.28722793509615385 0.9328503870192308 0.29165285817307696 0.941680721153846 0.2897057355769231 0.9340886730769231 0.2798713485576923 0.9272399086538462 0.2717580721153846
4 0.9555026658653846 0.28130055528846154 0.9534436129807692 0.2745121923076923 0.9442658822115385 0.27683354807692306 0.9476718149038461 0.28253123557692306 0.9555026658653846 0.28130055528846154
4 0.5479047956730769 0.9704111754807693 0.5438894759615385 0.9646494375000001 0.5388920673076923 0.9682316586538462 0.5431266826923077 0.9748379350961538 0.5565759254807692 0.9758407620192308 0.5588310865384616 0.9719703197115385 0.5479047956730769 0.9704111754807693
5 0.795012201923077 0.0467365 0.7970907668269231 0.041615254807692306 0.7787548197115384 0.03434836298076923 0.7791138076923076 0.03972580048076923 0.795012201923077 0.0467365