28 0.7183776153846153 0.20235062499999998 0.7144706129807693 0.19741362740384616 0.7013693052884615 0.22305895673076923 0.7056625961538461 0.22287035096153845 0.7183776153846153 0.20235062499999998
5 0.04373679567307693 0.1795600721153846 0.05693307451923077 0.22499752403846152 0.06539680288461538 0.22361976201923076 0.07111345192307693 0.22054803365384615 0.060500451923076924 0.17547048557692307 0.05475171875 0.17414506971153848 0.04373679567307693 0.1795600721153846
5 0.04334807692307693 0.6251329783653846 0.029842156249999998 0.49238894471153843 0.02508953846153846 0.49297249278846156 0.03746319230769231 0.6289024591346154 0.04334807692307693 0.6251329783653846
5 0.2834039230769231 0.9362340649038461 0.2833165384615385 0.9189790024038461 0.2798367764423077 0.9092499134615385 0.26659826682692306 0.9213702932692308 0.27950684134615383 0.94585328125 0.292191875 0.9581760985576923 0.298922375 0.9488860745192308 0.28862916346153844 0.9291601322115385 0.2873242235576923 0.9350756225961538 0.2834039230769231 0.9362340649038461
28 0.7911001490384616 0.931110908653846 0.7975539110576922 0.9340424783653846 0.8028975673076922 0.9300009110576923 0.7857256875 0.872863983173077 0.7737965480769231 0.8770370576923077 0.7911001490384616 0.931110908653846
28 0.6546143533653846 0.677710372596154 0.6477920360576923 0.6717771466346154 0.648652 0.6787810024038462 0.6539779278846154 0.6828666899038461 0.6546143533653846 0.677710372596154
28 0.49364518269230767 0.7191417764423077 0.49020637499999997 0.7097462067307692 0.4872733245192308 0.7168772403846154 0.48838785817307695 0.7218185649038461 0.49364518269230767 0.7191417764423077
28 0.4361270552884615 0.643599141826923 0.4356998149038462 0.6483912331730769 0.4456875889423077 0.6552899663461538 0.45535556971153845 0.6368370937500001 0.4415836490384616 0.6260019086538461 0.4361270552884615 0.643599141826923
28 0.36749414423076926 0.6574429254807692 0.3617996610576923 0.6503555865384616 0.3611953173076923 0.659909048076923 0.36749414423076926 0.6574429254807692
28 0.3251469278846154 0.9639475312500001 0.32833011298076925 0.9567857860576924 0.32254929807692306 0.9510632259615384 0.3199892379807692 0.9591640985576924 0.3251469278846154 0.9639475312500001
28 0.1751057548076923 0.8296864903846154 0.17474711538461538 0.8412410528846154 0.16550193990384615 0.8569336538461538 0.1659169326923077 0.8768568509615384 0.16928713942307694 0.8794899471153846 0.18791574278846154 0.880249548076923 0.18841053365384616 0.8636000889423077 0.1838605721153846 0.8286115336538462 0.1751057548076923 0.8296864903846154
28 0.7011721370192308 0.27521909134615385 0.7056923485576923 0.26653899999999997 0.7007349807692307 0.26545496153846154 0.6947139423076922 0.2743193317307692 0.7011721370192308 0.27521909134615385
56 0.3796272139423077 0.5598064014423076 0.38283805048076924 0.5590736153846154 0.38446721394230765 0.5764779158653845 0.3883343149038462 0.5997012427884616 0.3941693822115384 0.5996618774038461 0.4168312211538462 0.5857073701923077 0.44238959615384615 0.5622564975961539 0.440229125 0.5591363221153846 0.42065527163461536 0.5713574903846154 0.41701952163461536 0.5376108653846153 0.41457683173076926 0.5301242548076923 0.41359949759615383 0.5387078822115384 0.4158118870192308 0.5753376346153846 0.39113564663461536 0.5956332884615384 0.38746781490384613 0.5574895144230769 0.41205772115384615 0.538558641826923 0.4123665432692307 0.5307341899038461 0.3801407884615384 0.55364953125 0.3796272139423077 0.5598064014423076
5 0.11530371394230768 0.5783809014423077 0.10892741826923077 0.5781481778846154 0.10112776682692307 0.5807985793269231 0.1098260048076923 0.6247570504807692 0.12200084615384615 0.622585079326923 0.11838493509615386 0.6179508822115385 0.11890737740384615 0.6077303846153846 0.11950728605769231 0.6002087379807692 0.11530371394230768 0.5783809014423077
5 0.20630750961538463 0.8749444158653846 0.20882323557692306 0.8871616875 0.21143416586538463 0.8939505504807692 0.2452747307692308 0.8759151081730769 0.24098038942307692 0.8574838677884615 0.20630750961538463 0.8749444158653846
5 0.3051147980769231 0.9951834903846154 0.30456365625 0.9803551826923077 0.2841066201923077 0.9771117259615385 0.2796594447115385 0.9905224783653845 0.3051147980769231 0.9951834903846154
28 0.7094878269230769 0.5518049278846153 0.7046212259615385 0.5473242956730769 0.7017335600961538 0.55275703125 0.7068093485576923 0.5568734326923077 0.7094878269230769 0.5518049278846153