56 0.1783353221153846 0.19829769471153844 0.13103094471153848 0.22424636778846155 0.13197450961538462 0.2333251201923077 0.14197337019230769 0.22778651442307693 0.15388033653846153 0.23117388942307693 0.18334671875 0.22057446153846155 0.1783353221153846 0.19829769471153844
10 0.5265370024038462 0.20247209615384615 0.5206209639423076 0.19945416105769231 0.5001409711538461 0.21060775721153846 0.4986731875 0.2200684278846154 0.5009617163461538 0.22827500240384616 0.5280706658653846 0.22464052403846152 0.5303262548076924 0.21703254567307692 0.5265370024038462 0.20247209615384615
6 0.36676771874999997 0.5764711057692308 0.38095124759615384 0.5630189879807692 0.3877030240384615 0.561949610576923 0.38838300000000003 0.5506362451923077 0.38246696153846155 0.5476183124999999 0.36634238942307695 0.5363298966346154 0.35156876201923076 0.5366923389423077 0.3303219375 0.53676171875 0.31872050721153844 0.5353034206730769 0.3000617668269231 0.532985420673077 0.2922765456730769 0.5493790865384616 0.29451714423076925 0.5635256658653847 0.29769532451923075 0.5742279591346153 0.32521165384615386 0.5731655865384615 0.36676771874999997 0.5764711057692308
56 0 0.21647126923076923 0.015696622596153845 0.19835001201923078 0.009373201923076923 0.19275997115384616 0 0.1803120360576923 0 0.21647126923076923
6 0.4241249399038462 0.4454425721153846 0.4168639375 0.44329681971153845 0.4094531586538462 0.44644804326923077 0.4021442259615385 0.4502422908653846 0.38590281490384615 0.46006540625000003 0.38550739903846154 0.4825393701923077 0.3966055841346154 0.4933055721153846 0.41368871634615384 0.49191818509615387 0.4301817475961538 0.47744111778846154 0.4257065360576923 0.461671 0.4241249399038462 0.4454425721153846
10 0.39945429807692306 0.45198664903846153 0.3915073341346154 0.44863122355769225 0.38046904567307693 0.4569710865384616 0.36484468990384616 0.4831753942307693 0.3869601923076923 0.4948332524038461 0.39767197115384617 0.4937958317307692 0.38540555288461537 0.48189634374999996 0.3861065048076923 0.4613514567307692 0.39945429807692306 0.45198664903846153
56 0.5995361899038462 0.6134297836538462 0.5947554399038462 0.5957305865384616 0.5651872139423078 0.6056869903846154 0.5739609038461538 0.6392326923076923 0.5995361899038462 0.6134297836538462
6 1 0.5228987620192307 0.97866309375 0.5256973894230769 0.9391424471153846 0.5207511778846153 0.9366996466346154 0.519819764423077 0.9365948052884616 0.5204955240384616 0.9340471658653846 0.520239875 0.9338713317307692 0.5188175793269231 0.9314995240384616 0.5199842259615385 0.9310430144230769 0.5178153942307693 0.9282146995192307 0.5168132115384615 0.9289518822115385 0.5197285745192308 0.9264042403846153 0.5194729254807693 0.9253863822115385 0.5158110288461539 0.9225580673076923 0.5148088413461539 0.9238565985576923 0.5192172764423076 0.9213089567307692 0.5189616225961539 0.9193858701923077 0.5166295841346155 0.9187613149038462 0.5187059735576923 0.916213673076923 0.5184503245192308 0.9122117211538462 0.5368814110576923 0.9141737403846153 0.5523904254807692 0.9288035745192308 0.5698479951923077 0.942307125 0.5677092427884616 0.9399039206730768 0.5471851802884615 0.9522637884615384 0.5462976298076924 0.9524407716346153 0.5786282139423077 0.9629488605769231 0.5763047403846154 1 0.5790869903846154 1 0.5228987620192307
42 0.42136803605769235 0.5726570841346154 0.4208787740384615 0.5758106418269231 0.43046025961538464 0.5822029663461539 0.4327244975961539 0.5808922307692308 0.43292732211538465 0.5815485600961539 0.434988735576923 0.5795814975961538 0.4353943870192308 0.5808941514423077 0.43725297355769227 0.5782707596153845 0.4378614519230769 0.5802397451923077 0.4395172139423077 0.5769600240384615 0.44032851682692303 0.5795853389423077 0.44279557932692304 0.5789309302884615 0.4417814519230769 0.5756492860576923 0.4463099278846154 0.5730278173076923 0.4548523221153846 0.5770213293269231 0.47993034615384617 0.573049360576923 0.4800531658653846 0.5644608677884615 0.45083840625 0.5704063461538461 0.4485741658653846 0.5717170793269231 0.41608803125000005 0.5726144783653846 0.41848340144230767 0.5742125600961538 0.41872803125 0.5726357836538462 0.42136803605769235 0.5726570841346154
56 0.41229306490384615 0.12103385096153846 0.43599916826923074 0.11464254567307693 0.45683262740384617 0.09947802403846154 0.4106635408653846 0.11074543269230769 0.41229306490384615 0.12103385096153846
56 0.8224348725961538 0.23536447115384615 0.8153506033653847 0.23121325240384616 0.7897423774038461 0.2412016081730769 0.8027966009615385 0.2549537908653846 0.8123191754807693 0.26201460576923075 0.8372683966346154 0.25410809615384616 0.8375679495192307 0.24351413701923075 0.8224348725961538 0.23536447115384615