4 0.5131426129807692 0.7863179014423077 0.5121463245192308 0.78705309375 0.5109009711538461 0.7964627620192307 0.5182699759615385 0.798063420673077 0.5252888197115385 0.7955100432692308 0.5257798076923077 0.7940940793269231 0.5270435288461539 0.7948716995192308 0.5280378124999999 0.7940342475961538 0.5316735264423077 0.8024422043269231 0.5274329326923077 0.8023019783653846 0.5283935528846154 0.8033609591346154 0.5269657067307693 0.8035416346153846 0.51435065625 0.8370123942307692 0.5361216971153846 0.8480408798076924 0.5456969855769231 0.834872891826923 0.5368673990384616 0.8144535697115385 0.5379997451923078 0.8139507644230769 0.5418422211538462 0.8181866875 0.5940361466346153 0.7399510240384616 0.5925033798076923 0.7394886490384616 0.5940473125 0.7385844783653847 0.5940808173076924 0.73448484375 0.5657944230769231 0.7128701418269231 0.5755124903846154 0.7024265889423076 0.5375973725961539 0.6803230841346154 0.5267977403846154 0.6890848245192308 0.5069042620192308 0.6759710913461539 0.49365593750000003 0.6759203365384615 0.49998535336538463 0.7019143870192307 0.4950487283653846 0.70507059375 0.4765558846153847 0.6845155552884615 0.4663186129807692 0.6850520697115384 0.45175238221153846 0.7104027211538462 0.3753971826923077 0.7015575360576923 0.30462888701923074 0.6580109278846155 0.31532316105769226 0.6346016899038461 0.3165646995192307 0.6203803173076923 0.31168754326923076 0.6094598894230769 0.2958160528846154 0.6035860600961539 0.2823485817307692 0.6119909038461538 0.2710889110576923 0.6182931899038462 0.2629758293269231 0.6214502980769231 0.25673457932692306 0.6287313629807693 0.23108011778846155 0.6320627067307693 0.2260040480769231 0.6363024302884616 0.2672864134615385 0.6594712524038461 0.28277726923076923 0.6770377692307693 0.3766609038461538 0.7023351538461539 0.512324233173077 0.7857088533653845 0.5131426129807692 0.7863179014423077
4 0.23741644230769232 0.6076400793269231 0.2334204158653846 0.6008955264423077 0.2407951514423077 0.5962869783653846 0.23967312740384614 0.5811960504807693 0.23107252884615384 0.5687322644230769 0.2013788894230769 0.5834513221153846 0.18368900240384617 0.587110326923077 0.18934344951923077 0.6002252283653846 0.1961760528846154 0.6105464639423077 0.206225875 0.6127516923076923 0.23197119471153846 0.6111540841346154 0.23741644230769232 0.6076400793269231
4 0.2202385096153846 0.6147492427884615 0.23161078846153846 0.6295513317307692 0.2556659951923077 0.6272972283653846 0.25872171875 0.6224183173076923 0.24256466346153843 0.6110956153846154 0.2202385096153846 0.6147492427884615
4 0.3041966730769231 0.7255864759615385 0.3027085096153846 0.7351020024038462 0.31215703125 0.7447894326923077 0.3200567019230769 0.7438787139423078 0.32426462259615385 0.7357107884615384 0.34427036778846154 0.7130553413461538 0.3567398822115385 0.6982455336538462 0.35284196875 0.6996915961538461 0.34222253846153844 0.6992547115384615 0.31103922115384613 0.7108232091346154 0.3120501538461538 0.7174758461538461 0.3041966730769231 0.7255864759615385
4 0.22662322596153844 0.7239397331730769 0.21842652884615385 0.7318199903846154 0.2248697283653846 0.7347109495192308 0.24168573557692305 0.7333329471153847 0.24957242548076924 0.7321745528846153 0.2616151153846154 0.7218575288461538 0.22662322596153844 0.7239397331730769
4 0.3102172572115384 0.7140949182692308 0.28224390625 0.7110905264423076 0.2885011706730769 0.7293893149038462 0.30009259375 0.7357358100961539 0.29790350240384617 0.7318768341346154 0.3101985456730769 0.7200564471153845 0.3102172572115384 0.7140949182692308
4 0.38430379326923075 0.9588168004807692 0.37019725961538463 0.9297533437500001 0.36051509615384614 0.9156077475961539 0.3503427235576923 0.9173826394230769 0.3392330865384615 0.9328662451923078 0.32627184134615383 0.9509304519230769 0.3543230745192308 0.9554208990384615 0.38430379326923075 0.9588168004807692
4 0.4048069951923077 0.9266977427884615 0.40440461057692306 0.9190197884615384 0.3929861442307692 0.8970177884615385 0.38005507451923076 0.8967020504807692 0.3739233966346154 0.8997553173076922 0.3760880432692308 0.9157850288461538 0.3769836730769231 0.9328746706730769 0.4048069951923077 0.9266977427884615
4 0.34946159134615384 0.9132067620192307 0.37390047115384617 0.9245921418269231 0.37273225961538464 0.9023013052884615 0.3631814134615385 0.9032985552884616 0.34946159134615384 0.9132067620192307
4 0.7823851923076923 0.7196491057692308 0.7820015168269231 0.7060096201923076 0.7749425192307692 0.6976870985576924 0.7631346490384616 0.6682548197115386 0.7608531778846154 0.6499960240384616 0.7511206105769231 0.6475258100961538 0.7389408701923077 0.6489091923076923 0.7345065576923078 0.6590758341346153 0.717762701923077 0.6681490985576922 0.73139621875 0.6945054278846154 0.7456165384615385 0.7004657884615385 0.7600315576923078 0.7101412908653846 0.7823851923076923 0.7196491057692308
4 0.7836267283653846 0.7054277355769231 0.7845956850961537 0.6860051682692307 0.7844643653846154 0.6708623197115385 0.7889116610576923 0.6609433533653846 0.7879583774038461 0.6490722139423077 0.7711683317307692 0.6509455673076924 0.7638642283653846 0.6505832884615385 0.7619866658653845 0.6526685384615385 0.7643834350961539 0.6604903293269231 0.7698446995192308 0.6825561778846154 0.77561596875 0.6979001610576923 0.7836267283653846 0.7054277355769231
4 0.7869287331730769 0.6483811057692308 0.7821206923076923 0.6198237620192307 0.7640730889423076 0.6103386346153846 0.7565685528846154 0.6124704254807692 0.7592898293269231 0.6264841129807692 0.7684600384615384 0.6371795528846154 0.7780123990384615 0.6488483918269231 0.7869287331730769 0.6483811057692308
4 0.7621351778846154 0.6491837692307693 0.7717898629807693 0.6501679254807692 0.7739846826923077 0.6478176947115385 0.7611486850961539 0.6303603942307692 0.7621351778846154 0.6491837692307693
4 0.7549043990384615 0.6123092812500001 0.7309430889423076 0.6416292956730769 0.7382414615384616 0.6482007788461538 0.7540667620192308 0.6468746971153846 0.7613838461538461 0.6474846490384615 0.7549043990384615 0.6123092812500001
4 0.7353671177884615 0.59967359375 0.7355373774038461 0.6155594711538461 0.7228804086538462 0.6331110192307693 0.7292659567307692 0.6412204783653846 0.7547096971153846 0.6085941418269231 0.7353671177884615 0.59967359375
4 0.6732322620192307 0.557729108173077 0.6747624014423077 0.5742887860576923 0.6609444663461539 0.5760063774038462 0.6610643269230769 0.6035676394230769 0.6704926177884616 0.6065505096153846 0.6703902932692307 0.6172351899038462 0.6783506514423077 0.6364381490384615 0.695075798076923 0.6333264158653846 0.7112240865384615 0.6255261466346155 0.7239028028846154 0.6273452451923076 0.7274472163461538 0.5938797524038462 0.7196700985576924 0.5908103485576923 0.7169560721153846 0.5832535408653846 0.7064779062500001 0.5728750024038461 0.6954171538461539 0.5640171346153846 0.6854898846153846 0.5578317836538461 0.6732322620192307 0.557729108173077
4 0.6963810625 0.6645508966346154 0.707635 0.6644578149038461 0.7255699927884615 0.6528385625 0.7158878293269232 0.6386929639423078 0.6886787860576923 0.6376353677884615 0.6687998076923076 0.6374353990384616 0.6649408341346154 0.6396244903846154 0.6651240745192308 0.6557580408653846 0.6963810625 0.6645508966346154
4 0.6885405625000001 0.6729091971153847 0.6882290384615384 0.6669649735576922 0.6789492572115384 0.6604973341346153 0.6660830865384615 0.6614199759615385 0.66333315625 0.6784523173076923 0.6682866754807691 0.6781927139423077 0.6685332980769231 0.6828985600961539 0.6878686298076923 0.6853622235576923 0.6906330576923078 0.6812436466346153 0.6885405625000001 0.6729091971153847
4 0.7156125504807692 0.6650331514423077 0.7124976586538462 0.6624644807692307 0.7027593629807692 0.6662034711538461 0.6921399326923077 0.6657665889423078 0.6921861225961539 0.6729665 0.704573545673077 0.6755459302884615 0.7156125504807692 0.6650331514423077
4 0.6613574783653846 0.6723469519230769 0.6643799951923076 0.6605158076923078 0.6633747908653846 0.6476539615384616 0.6579581995192307 0.6201219350961539 0.6467489302884615 0.6147488389423077 0.6391333052884616 0.6084423389423077 0.6257162379807693 0.6051717956730769 0.6188779038461539 0.6010597692307692 0.6044976105769231 0.6110025865384615 0.6195788317307692 0.6144342692307693 0.6130982091346154 0.6234663725961538 0.6248583725961538 0.6330326538461539 0.6321956850961539 0.6403471658653845 0.6146672908653846 0.6407690769230769 0.6112813317307693 0.6456652980769231 0.6125965384615385 0.6518052764423078 0.6098321081730769 0.6559238533653846 0.6100657524038462 0.6603820216346155 0.6147409567307692 0.6611304278846154 0.6147741658653846 0.6680826634615384 0.6158759591346155 0.67646903125 0.6188683004807692 0.6830178293269231 0.6294487908653846 0.6827116850961539 0.6408512427884615 0.6791338341346154 0.6613574783653846 0.6723469519230769
4 0.6314669350961538 0.5569376634615385 0.6329695961538462 0.5603358966346154 0.6308007355769232 0.5631814831730769 0.6467501081730769 0.5705413677884615 0.6549582668269232 0.5502426971153846 0.6491365961538461 0.5465740985576922 0.6423444495192308 0.5496619783653846 0.6389123028846153 0.5473582884615384 0.6314669350961538 0.5569376634615385
4 0.6377112211538462 0.5749887764423077 0.6307648317307692 0.5877706322115385 0.6266680024038462 0.6043768509615385 0.6399942091346154 0.6059136586538462 0.6437852451923077 0.5771540120192308 0.6377112211538462 0.5749887764423077
4 0.6197704975961538 0.5928172331730769 0.6226299999999999 0.5715570913461538 0.6157267644230769 0.5662066826923077 0.6110400961538461 0.5778766850961539 0.6115593004807692 0.5877837259615385 0.6065870721153847 0.594004860576923 0.6197704975961538 0.5928172331730769
4 0.6206211153846154 0.5584994927884616 0.6147158293269231 0.5595540432692307 0.6037157668269231 0.5708098509615385 0.6096672379807692 0.5769552115384615 0.6170477019230769 0.5661374567307692 0.6241903124999999 0.5697368269230769 0.6247786298076924 0.5620069495192308 0.6206211153846154 0.5584994927884616
4 0.5905227379807692 0.6539555384615384 0.6036255889423077 0.6828232403846154 0.6110003221153846 0.6782146899038461 0.6035851298076923 0.669414125 0.5998788798076923 0.6492431490384616 0.5905227379807692 0.6539555384615384
4 0.16919810817307693 0.4306602644230769 0.21032319471153846 0.43819088461538463 0.21795028125 0.4320789711538462 0.22687807932692308 0.4191932740384615 0.22263543269230768 0.4077428798076923 0.19872721875000002 0.393846125 0.18126372355769232 0.3955064182692307 0.16982958173076923 0.40479812259615383 0.15794838461538463 0.41187805048076925 0.1571466514423077 0.4218543197115385 0.16919810817307693 0.4306602644230769