34 0.5331412451923077 0.5655723461538462 0.5438282596153846 0.5594296322115384 0.5487240576923077 0.5531726682692308 0.5453796490384616 0.5440518076923077 0.5422178052884615 0.4863320865384615 0.53687265625 0.48058624759615387 0.5240121586538462 0.4771341538461539 0.5095980817307693 0.47730361778846153 0.4977609158653846 0.4811329086538461 0.4920134326923077 0.4872001850961538 0.4781427451923077 0.5470042860576924 0.4781230673076923 0.5556697884615385 0.4901329807692308 0.5648103269230769 0.5062296466346153 0.5678076057692307 0.5195154375000001 0.5684154759615384 0.5331412451923077 0.5655723461538462
56 0.43657109134615385 0.6004918509615385 0.43420737259615383 0.5983489831730769 0.4368258293269231 0.5964340649038461 0.44204196634615384 0.5953916009615384 0.4464064230769231 0.594159451923077 0.4473007451923077 0.5946525288461538 0.45109012259615383 0.5922636682692308 0.45389990625 0.5887749423076923 0.45385617067307693 0.582593420673077 0.4541743197115385 0.57605165625 0.45474830048076925 0.5713302355769231 0.4461254399038461 0.5716139495192307 0.4441662427884615 0.5694142283653846 0.44156856009615386 0.5685417764423076 0.4367143052884615 0.5692239951923077 0.43309548076923077 0.5728264230769231 0.42885893990384616 0.5749687475961538 0.42509033173076927 0.5745702403846153 0.42304586057692306 0.5717637379807692 0.41363472596153844 0.5693737836538462 0.4092057620192308 0.5672117860576923 0.4041809543269231 0.5666804423076923 0.4019451514423077 0.5654477475961538 0.4022425288461538 0.5616933509615385 0.40056103365384615 0.5644047379807693 0.3978791658653846 0.5688036346153846 0.39888063221153847 0.5729942548076923 0.39743310096153844 0.5744352259615385 0.3980726826923077 0.5789860913461539 0.3993933942307692 0.5825130793269231 0.40384312740384615 0.5818877091346154 0.40620684375 0.584030579326923 0.4109342764423077 0.5883163149038462 0.41593831490384614 0.5916350288461538 0.41915371394230766 0.5939675865384616 0.42339135096153846 0.5977033918269231 0.42826747115384617 0.6001119326923077 0.43657109134615385 0.6004918509615385
5 0.41812271875 0.5455392812500001 0.413821673076923 0.5442874519230769 0.41173565625 0.5470556923076922 0.4087575072115385 0.5610871129807692 0.4136970408653846 0.5610116754807692 0.41812271875 0.5455392812500001
5 0.4191438581730769 0.5410644014423076 0.42680570673076923 0.5251371923076923 0.4232284278846154 0.5231648774038461 0.4209718533653846 0.5247195528846154 0.41250096394230773 0.5407604639423077 0.41599296634615385 0.5421259951923078 0.4191438581730769 0.5410644014423076
5 0.45082114903846154 0.5199057403846153 0.4274879278846154 0.5299914471153846 0.430512 0.5338978100961538 0.45133281490384614 0.5235464326923077 0.45082114903846154 0.5199057403846153
5 0.4315265721153846 0.4941541394230769 0.43455283173076925 0.5098167668269231 0.4401308509615385 0.5084140600961539 0.43782835576923074 0.49203094951923076 0.4315265721153846 0.4941541394230769
5 0.46712882211538465 0.5126637115384616 0.4568233701923077 0.5097806826923077 0.4541841418269231 0.5144829663461539 0.46546919230769235 0.518465860576923 0.46712882211538465 0.5126637115384616
5 0.4519188100961538 0.4690125889423077 0.44604560096153845 0.4859259543269231 0.45115568990384614 0.4870640793269231 0.45920019230769227 0.46798925721153845 0.4519188100961538 0.4690125889423077
5 0.4603131826923077 0.49938994951923077 0.4687031730769231 0.5062547836538461 0.4702775264423077 0.4998458533653846 0.4648263269230769 0.4962806009615385 0.4603131826923077 0.49938994951923077
5 0.4570354663461539 0.5054195048076923 0.47181033173076925 0.49901166346153847 0.47129866586538466 0.4953709735576923 0.45652380048076924 0.5017788125 0.4570354663461539 0.5054195048076923
5 0.4712549326923077 0.48918944951923077 0.44992244951923077 0.49590013701923075 0.4505193942307692 0.5001476081730769 0.47185187740384615 0.49343692307692305 0.4712549326923077 0.48918944951923077
5 0.44937143028846155 0.5095904495192308 0.4453218365384615 0.48664643990384615 0.44055285817307693 0.4879354423076923 0.44443189903846153 0.5096658894230769 0.44937143028846155 0.5095904495192308
5 0.41659429086538463 0.5698859951923076 0.4239172163461538 0.5632879254807692 0.4219580216346154 0.5610882043269231 0.4097808389423077 0.5683684951923077 0.41659429086538463 0.5698859951923076
5 0.4167648461538462 0.5710995600961538 0.4235782956730769 0.5726170600961539 0.4314544350961539 0.5640849399038461 0.4303895576923077 0.562378295673077 0.4256205817307693 0.5636673004807693 0.4167648461538462 0.5710995600961538
5 0.4524042620192308 0.5605218653846153 0.4409071105769231 0.5609001514423076 0.4414187764423077 0.5645408413461538 0.4512125649038462 0.5637831802884615 0.4524042620192308 0.5605218653846153
5 0.18973002884615384 0.6463209038461539 0.1892205528846154 0.6544364759615384 0.19488385096153846 0.6536405528846154 0.1947548389423077 0.6468522475961538 0.18973002884615384 0.6463209038461539
5 0.5086041490384615 0.05637243509615385 0.5090742716346154 0.06558786778846154 0.514908125 0.06600550721153846 0.5133731274038461 0.05508343269230769 0.5086041490384615 0.05637243509615385