34 0.5078091947115385 0.6968428557692307 0.5267291153846154 0.6929561923076922 0.5341026947115385 0.6873796658653847 0.5509251538461538 0.48154071634615386 0.5536221947115385 0.4786111514423077 0.5517465817307692 0.4723770697115385 0.537872795673077 0.47139074038461537 0.4336613918269231 0.4730444759615385 0.3674343461538462 0.4775937115384616 0.4176144206730769 0.6912996442307692 0.42281805048076926 0.696351545673077 0.4330375144230769 0.6982663028846154 0.4531674423076923 0.7008501538461539 0.47767357211538464 0.6990454278846154 0.5078091947115385 0.6968428557692307
40 0.5514289302884615 0.47162736538461536 0.5539528317307693 0.47861692307692305 0.5522347187500001 0.4823077379807692 0.550388423076923 0.5122900024038461 0.5714107091346153 0.5205946634615385 0.5931808413461538 0.5239513052884616 0.6243300168269231 0.5205261586538461 0.6446633846153845 0.5114550408653846 0.6564174927884616 0.5012419543269231 0.6662267307692308 0.48876243990384616 0.6747177475961539 0.47601186057692313 0.6762653774038461 0.46314008653846156 0.6751808942307692 0.4494782067307692 0.6691541634615384 0.43473784134615384 0.6623969014423078 0.4239535865384615 0.6507060456730769 0.4115948942307692 0.6398815817307693 0.40644487980769234 0.616170908653846 0.4005738269230769 0.5874141081730769 0.3995757668269231 0.556921875 0.40326043509615384 0.5472251778846154 0.40929251923076926 0.5361063725961539 0.4210050144230769 0.5282939447115385 0.4327752235576923 0.5234962091346154 0.44236557451923075 0.5208960673076923 0.45869172836538463 0.5216975288461538 0.46962007932692307 0.5355540048076923 0.4715983197115384 0.5514289302884615 0.47162736538461536
56 0.48879012259615384 0.8579938052884616 0.4850405673076923 0.8643777524038462 0.49023554326923074 0.8699256105769231 0.5041266442307692 0.8699200264423077 0.5244660144230769 0.8794530384615384 0.531643139423077 0.8661834158653845 0.5086110552884615 0.8593319951923076 0.49775629086538464 0.8559178293269232 0.48879012259615384 0.8579938052884616
4 0.8538917956730769 0.8599017139423076 0.8538511682692308 0.8432814110576923 0.8474651706730769 0.8491232283653846 0.8449818990384615 0.8587539759615385 0.8538917956730769 0.8599017139423076
4 0.83020375 0.814838579326923 0.8229470384615385 0.8137196971153846 0.8281030552884616 0.8214993605769231 0.8347547620192307 0.8193829831730769 0.83020375 0.814838579326923
4 0.8493576971153847 0.7028046081730769 0.8556701057692307 0.7011784158653847 0.8484696658653846 0.6968358197115384 0.8447504134615385 0.7014839182692308 0.8493576971153847 0.7028046081730769
4 0.7233292427884616 0.7606337572115385 0.7245305961538461 0.7676002283653846 0.7346098725961538 0.7585981778846154 0.7233292427884616 0.7606337572115385
4 0.4740572211538462 0.7356942451923077 0.46674424038461537 0.7377990793269231 0.4656354567307692 0.7444771730769231 0.4777997908653846 0.7486583629807692 0.4740572211538462 0.7356942451923077
4 0.5380604134615384 0.8206535576923077 0.5296023533653846 0.8125682067307692 0.5202059927884616 0.8203419086538462 0.5277370697115384 0.8246902764423076 0.5380604134615384 0.8206535576923077
4 0.5088577788461538 0.8451972451923078 0.5228051514423077 0.8419679471153846 0.5185804471153846 0.8376772908653846 0.5146128004807692 0.8376080336538462 0.5072954903846154 0.8399608461538463 0.5088577788461538 0.8451972451923078
4 0.7478110072115385 1 0.7506667091346154 0.994529423076923 0.7408211682692307 0.9901406562499999 0.73775453125 0.9952962524038462 0.7435891634615385 1 0.7478110072115385 1
4 0.8296036514423076 0.6218423629807692 0.8393176634615384 0.6148183653846154 0.8327265576923076 0.6134630504807692 0.8266885144230769 0.6183187283653846 0.8296036514423076 0.6218423629807692
4 0.07533648317307692 0.8976590865384615 0.08023544711538462 0.9012173485576922 0.08495959615384616 0.8958426274038461 0.08539844711538461 0.8896489471153846 0.07772885817307693 0.8932358798076923 0.07533648317307692 0.8976590865384615
4 0.8797673966346153 0.7985880144230768 0.8788533966346154 0.79410709375 0.8731676322115385 0.7977286538461539 0.8740946177884615 0.801465639423077 0.8797673966346153 0.7985880144230768
4 0.7143171346153847 0.7842896009615384 0.7203898076923078 0.7774500961538462 0.7114625961538461 0.7772942716346154 0.7097055240384615 0.783216891826923 0.7143171346153847 0.7842896009615384
4 0.9434765432692308 0.8056533485576923 0.9505281442307693 0.79957509375 0.9449289471153846 0.7982370913461538 0.9385559375000001 0.8033349759615385 0.9434765432692308 0.8056533485576923
4 0.9116747475961537 0.8085709975961539 0.912083298076923 0.8041131634615385 0.909146516826923 0.8018294206730769 0.9054099495192307 0.8074694302884615 0.9116747475961537 0.8085709975961539