28 0.7797371514423077 0.2591036346153846 0.7770408677884616 0.25341428605769234 0.7585064014423076 0.27545517548076925 0.7627320841346154 0.27623718509615386 0.7797371514423077 0.2591036346153846
5 0.12751409134615385 0.08513603846153847 0.13015094951923076 0.13237744711538463 0.13870768028846153 0.13293892307692307 0.14496880048076924 0.13123188701923078 0.1447680528846154 0.08492226682692308 0.1394648125 0.08233763942307691 0.12751409134615385 0.08513603846153847
5 0.026903240384615387 0.5192014975961539 0.04360438461538462 0.38682151201923076 0.03884230769230769 0.3863209975961538 0.020321235576923075 0.5215505528846154 0.026903240384615387 0.5192014975961539
5 0.1908239543269231 0.8763298990384616 0.19462035336538464 0.8594974254807692 0.19341834615384615 0.8492349158653846 0.1777926466346154 0.8580666346153846 0.18486290144230771 0.8848259206730769 0.19445078846153846 0.8996864182692307 0.20309858653846155 0.8921485288461538 0.19750656009615383 0.8706126947115386 0.1949043701923077 0.8760830240384615 0.1908239543269231 0.8763298990384616
28 0.6866604182692307 0.9855448485576923 0.6922893100961538 0.9898530649038462 0.6984051658653846 0.9871171442307692 0.6945264110576923 0.9275817980769231 0.6819642764423077 0.9289644447115385 0.6866604182692307 0.9855448485576923
28 0.6106754615384615 0.707936326923077 0.6053626850961538 0.7006204855769231 0.6046250841346154 0.70763828125 0.6088954278846154 0.7128173245192309 0.6106754615384615 0.707936326923077
28 0.4445118822115385 0.7120956658653845 0.4432747548076923 0.7021673389423077 0.4388127451923077 0.7084558100961539 0.43878715625000003 0.7135212067307692 0.4445118822115385 0.7120956658653845
28 0.40546133653846156 0.6255504206730769 0.40396706009615385 0.6301235793269231 0.41214697115384613 0.6390922596153845 0.42571815625 0.6232871562500001 0.41473659375000005 0.6096316682692308 0.40546133653846156 0.6255504206730769
28 0.33547330769230765 0.6236003413461538 0.33151907932692304 0.615413670673077 0.32878116346153846 0.6245863293269232 0.33547330769230765 0.6236003413461538
28 0.22526291346153846 0.9127232043269231 0.22997555769230768 0.9064610745192307 0.22563019951923075 0.8995847836538461 0.22131345432692306 0.906902139423077 0.22526291346153846 0.9127232043269231
28 0.10926944951923077 0.7481513437499999 0.10632079086538462 0.7593290889423077 0.09378250240384614 0.7725397764423078 0.08970511298076923 0.7920456971153846 0.092396625 0.7953694375 0.11037690624999999 0.80030009375 0.11460432692307693 0.7841886634615385 0.11804169471153846 0.74907334375 0.10926944951923077 0.7481513437499999
28 0.7465808100961537 0.32623409615384613 0.7529377644230769 0.3187933004807692 0.7483513100961539 0.3166218822115384 0.7404905408653846 0.3239046201923077 0.7465808100961537 0.32623409615384613
56 0.3692588461538462 0.5311955817307692 0.37255223317307695 0.5312038581730769 0.37022452403846157 0.5485285697115384 0.3687684014423077 0.57202659375 0.3744627692307692 0.5733008413461539 0.3996828677884615 0.5648017908653846 0.42986148076923075 0.5477013461538461 0.42845826923076924 0.5441751394230769 0.4066369278846154 0.5516799230769232 0.4106857043269231 0.5179803557692307 0.40998973798076926 0.5101361394230769 0.4071065576923077 0.5182799158653846 0.40102234375 0.55446853125 0.37241302403846155 0.5686930625 0.3774196802884615 0.5307018293269231 0.4056378677884615 0.5177876778846154 0.40769889423076927 0.510233235576923 0.3711442548076923 0.5253120432692308 0.3692588461538462 0.5311955817307692
5 0.10753158653846154 0.48983416826923076 0.10137106971153845 0.48817305528846155 0.09317511298076922 0.4890009879807692 0.09176190865384615 0.533789483173077 0.10411329807692307 0.5344119230769231 0.10163252884615384 0.5290830985576923 0.1044406923076923 0.5192420745192308 0.10671722836538462 0.51204815625 0.10753158653846154 0.48983416826923076
5 0.12949068749999998 0.7992681802884616 0.12919364903846153 0.8117382379807693 0.13021049759615383 0.8189404350961538 0.1672408221153846 0.8089797091346154 0.1672026706730769 0.7900548461538462 0.12949068749999998 0.7992681802884616
5 0.19871764663461539 0.9386523365384616 0.20151627163461538 0.9240801009615385 0.18231316826923075 0.9163179399038461 0.17496321153846153 0.9283845793269231 0.19871764663461539 0.9386523365384616
28 0.69246509375 0.5976016778846154 0.6887311466346154 0.5921411370192308 0.6846953918269231 0.5967850504807692 0.6887150985576922 0.60193775 0.69246509375 0.5976016778846154