34 0.5014603125 0.32418555769230767 0.5122739399038462 0.3318093389423077 0.5275848798076923 0.33918959134615384 0.5459206682692308 0.3477418076923077 0.5580947403846154 0.3530378341346154 0.565392875 0.3521417355769231 0.5750437860576922 0.3469439975961538 0.5853189110576923 0.34012625 0.5928999663461538 0.3314785817307693 0.6022789951923077 0.3173627019230769 0.6018309447115384 0.31371363461538465 0.5975150649038462 0.31208284374999995 0.5457455360576924 0.3060924086538461 0.5202662259615385 0.30304740625000004 0.5169852716346154 0.3031415841346154 0.5100978533653846 0.3073826610576923 0.5053496995192307 0.31228708653846154 0.50090025 0.31962422355769227 0.5014603125 0.32418555769230767
28 0.4188208701923077 0.9047607620192307 0.4240275889423077 0.9102949254807692 0.4329207115384615 0.9156851274038461 0.4409655961538462 0.9208708076923077 0.4433983076923077 0.9205721081730769 0.45461738942307695 0.9281461033653847 0.4615900048076923 0.9313027283653846 0.4710752644230769 0.9381635913461538 0.4764260745192308 0.9415193485576924 0.48376154326923076 0.9409273389423076 0.48449777403846156 0.9402195961538461 0.4880027524038461 0.941949951923077 0.49711463701923075 0.9457699278846154 0.49614912740384615 0.9412583774038462 0.4389814495192308 0.9013593341346154 0.4299763173076923 0.8950568653846154 0.4246307668269231 0.8950958677884615 0.4250041418269231 0.8981367572115384 0.4234196730769231 0.8986399807692307 0.4208428701923077 0.9011170841346154 0.41844749519230773 0.9017198725961539 0.4188208701923077 0.9047607620192307
28 0.45704957932692303 0.9513066442307692 0.47615893269230775 0.9594552043269231 0.48145662740384615 0.9523225889423077 0.47238207451923075 0.9488067043269232 0.4556733533653846 0.9434501153846154 0.4460066658653846 0.9384635697115384 0.43830833894230764 0.9428042115384615 0.4367291298076923 0.9467021947115384 0.4406395576923077 0.948382766826923 0.44897262019230766 0.9492116370192308 0.45704957932692303 0.9513066442307692
56 0.6278088966346154 0.6861794134615384 0.6276542884615384 0.681568295673077 0.6220100408653846 0.6791745913461539 0.6141571033653845 0.6789041177884615 0.6074831875 0.6781802043269232 0.6015933581730769 0.6838421586538461 0.602446858173077 0.6874414399038462 0.6152877475961538 0.6948163052884616 0.6261655336538462 0.6962587427884616 0.6284115576923077 0.6944395985576922 0.6278088966346154 0.6861794134615384
5 0.6077146177884616 0.8275496899038461 0.6029133509615384 0.8219657451923077 0.5819150480769231 0.8319521706730769 0.5833233509615384 0.8367180288461539 0.5876018942307693 0.8380447283653846 0.6077146177884616 0.8275496899038461
5 0.65510040625 0.7643182019230769 0.6619820504807692 0.7801416057692308 0.6653003413461539 0.7803515168269232 0.6702404350961538 0.7803622956730769 0.6708273173076923 0.7784381947115384 0.6637216490384615 0.7607902596153846 0.65510040625 0.7643182019230769
5 0.8951941370192308 0.6348282331730769 0.8769703629807692 0.6271882836538462 0.8718914350961539 0.6327506730769231 0.8909261153846154 0.6402910528846154 0.8951941370192308 0.6348282331730769
5 0.9635561514423077 0.59494975 0.9456626370192308 0.6101110817307692 0.9535581682692308 0.6140804038461538 0.9714516850961539 0.5989190745192308 0.9635561514423077 0.59494975
5 0.11644254086538462 0.5470949350961539 0.10105640865384614 0.5625657403846154 0.10548430288461538 0.565108798076923 0.12160666346153846 0.5489302475961538 0.11644254086538462 0.5470949350961539
5 0.02522691105769231 0.5416264447115384 0.005551716346153846 0.5489810288461539 0.007770923076923077 0.5536473173076923 0.02744611778846154 0.5462927331730769 0.02522691105769231 0.5416264447115384
5 0.22862802884615385 0.381453 0.23071892307692307 0.3984819783653846 0.2380170576923077 0.3975858798076923 0.2342296778846154 0.3801478557692307 0.22862802884615385 0.381453