11 0.5752247403846154 0.4737353245192307 0.5731825673076923 0.47369967788461537 0.572371045673077 0.47337909375 0.5695226971153846 0.4727165360576923 0.5654597403846154 0.4714199399038461 0.5569093509615385 0.46973859615384617 0.552432610576923 0.46874119711538464 0.5492025649038461 0.46653988221153847 0.5451235673076923 0.4661622620192307 0.5381801802884616 0.46604106490384617 0.534079795673077 0.46688874999999996 0.5307855817307693 0.46836334615384617 0.5274646370192307 0.4713695721153846 0.5241811201923077 0.4722315144230769 0.5224939134615385 0.4752662572115384 0.5199631033653846 0.47981836778846154 0.5144502692307692 0.49136607451923076 0.5110223846153846 0.5004988149038462 0.5101841274038461 0.501709860576923 0.5080617524038462 0.5062691033653846 0.5050583413461539 0.5144899975961539 0.5037528341346154 0.5190634975961539 0.5032695432692308 0.5233449326923076 0.5031946875 0.5276334927884615 0.5043344399038461 0.5325560961538461 0.5043023581730769 0.5343940504807693 0.5087844447115384 0.535085125 0.5095852716346154 0.5360183605769231 0.50753240625 0.5365953653846154 0.5054688461538461 0.5377850240384615 0.5046198918269231 0.53960871875 0.5057917283653846 0.5426933653846153 0.5077964711538462 0.5448732932692308 0.50939278125 0.5470460913461539 0.51140821875 0.5486133677884616 0.5150787836538462 0.5489838581730769 0.5175347379807692 0.5487203076923077 0.5220007812499999 0.550330358173077 0.5264775216346154 0.5513277572115385 0.5297610384615384 0.5504658149038462 0.5318352908653846 0.5486635048076923 0.5330605961538462 0.548684891826923 0.5363548052884616 0.547210295673077 0.5359624134615385 0.5462841899038462 0.5388481875 0.5448024639423077 0.5377030889423077 0.5401861875 0.5446250889423078 0.5415326899038462 0.5539602668269231 0.5450662475961539 0.5608662259615385 0.5473317259615385 0.5621289567307692 0.5452088317307692 0.5650468149038461 0.5418891514423076 0.5708932235576923 0.5346371418269231 0.5767610216346154 0.5261598245192307 0.5805652596153846 0.5188721682692308 0.5839717548076924 0.5109647283653846 0.5882485889423077 0.5000082884615384 0.5899839206730769 0.49421661298076924 0.5921116442307692 0.4893510456730769 0.5925949350961539 0.4850696129807692 0.5934813149038461 0.48110163461538463 0.5890259639423077 0.47887893028846157 0.5853767860576923 0.47728313942307693 0.5821306995192308 0.4760008028846154 0.5788846105769231 0.47471846394230766 0.5752247403846154 0.4737353245192307
44 0.5050069399038462 0.5408411514423077 0.5065925576923077 0.5436266009615385 0.5081888653846154 0.5457994014423077 0.5097958701923078 0.5473595480769231 0.51140821875 0.5486133677884616 0.5142619134615385 0.5489695985576923 0.5163094326923077 0.5486989182692308 0.5179538653846154 0.5481147836538461 0.5196196850961539 0.5463053461538462 0.5200602019230769 0.5444745192307692 0.5188723269230769 0.5423088509615385 0.5168729302884615 0.5398225961538462 0.5152819663461539 0.5373434735576923 0.5132611826923077 0.5360825240384616 0.5104021394230769 0.5360326201923077 0.5087630552884616 0.5363104278846154 0.5067101899038462 0.5368874326923077 0.5054688461538461 0.5377850240384615 0.5046252403846154 0.5393023918269231 0.5050069399038462 0.5408411514423077
56 0.7513957572115384 0.49243778125 0.752546204326923 0.4967477283653846 0.755309 0.5023115 0.7540355745192309 0.5050470456730769 0.7560349735576923 0.5075333004807692 0.7580076346153847 0.5115511826923077 0.759926826923077 0.5186323245192308 0.7602122836538462 0.5256849495192308 0.7601320793269231 0.5302798365384616 0.7620780072115385 0.5358293485576924 0.7632979639423076 0.5361570625 0.7645339615384615 0.5355657980769231 0.7718323125000001 0.5387573846153846 0.7711223822115384 0.532616608173077 0.771707266826923 0.5225149831730769 0.7718569807692308 0.5139378557692308 0.7728128701923077 0.5059876442307693 0.7745642379807692 0.49927699038461537 0.7767080048076923 0.49349244471153847 0.7788303822115386 0.4889332019230769 0.7752025913461539 0.48611210576923075 0.7715801514423077 0.4829846826923077 0.7663293197115385 0.47952242067307693 0.7630992716346154 0.4773211057692308 0.7619113966346155 0.4751554350961538 0.7541404471153845 0.4756326322115385 0.7565161971153846 0.47996397115384615 0.7532005961538462 0.48266386778846154 0.75314178125 0.48603345192307695 0.7530829639423077 0.4894030384615385 0.7513957572115384 0.49243778125
5 0.07957009615384615 0.8523975312500001 0.07104850721153846 0.872472454326923 0.08082954807692308 0.8738688605769231 0.08935113701923078 0.8537939375 0.07957009615384615 0.8523975312500001
5 0.14958286538461538 0.35231776682692306 0.15387039182692305 0.34074867548076926 0.14735682932692307 0.3394093052884615 0.14386478125 0.3522179567307692 0.14958286538461538 0.35231776682692306
5 0.17048338942307695 0.4188691394230769 0.1657532764423077 0.4089811586538462 0.1592076298076923 0.4094797427884615 0.163120875 0.4193534639423077 0.17048338942307695 0.4188691394230769
5 0.1646335625 0.14544108653846155 0.1491023533653846 0.14578282692307692 0.1490595793269231 0.14823343269230768 0.1645907860576923 0.1478916923076923 0.1646335625 0.14544108653846155
5 0.18223039423076923 0.16719758653846156 0.18075706249999998 0.15797929326923077 0.17584515384615385 0.15850639182692308 0.17733987259615386 0.16649938221153848 0.18223039423076923 0.16719758653846156
5 0.1697527860576923 0.17984939423076923 0.1591227956730769 0.1802766875 0.1598755 0.18396685576923077 0.1672273221153846 0.18409518269230768 0.1697527860576923 0.17984939423076923
5 0.19189793509615385 0.2219089543269231 0.19369208173076924 0.21274769471153845 0.18799538701923077 0.21142258173076925 0.18619054567307694 0.22119649278846154 0.19189793509615385 0.2219089543269231
5 0.13421862499999998 0.29628128605769233 0.13344453365384615 0.29381642067307695 0.13180010096153846 0.29440055528846154 0.12028907692307692 0.29848949759615384 0.12268621394230769 0.30159553125 0.13421862499999998 0.29628128605769233
5 0.2795488798076923 0.20934362259615383 0.2606967307692308 0.21269158894230772 0.262277 0.21578336538461537 0.28032297596153843 0.21180848798076923 0.2795488798076923 0.20934362259615383
5 0.26683843509615385 0.14170953365384614 0.25220964903846155 0.1371643173076923 0.25133931009615385 0.14021331971153847 0.26434505288461535 0.1441173653846154 0.26683843509615385 0.14170953365384614
5 0.32268495673076925 0.12552486298076923 0.3341959807692308 0.12143591826923077 0.33177745432692307 0.1195551875 0.3219215552884615 0.12244734374999999 0.32268495673076925 0.12552486298076923
5 0.3942551754807692 0.09797071875 0.3967378629807692 0.09617553846153845 0.39512551201923074 0.09492171875 0.37877743990384616 0.09524919951923076 0.37873466346153845 0.0976998076923077 0.3942551754807692 0.09797071875
5 0.34481114423076925 0.07504548557692307 0.33417045673076917 0.07608542788461538 0.33495524759615386 0.07793764423076924 0.3447576730769231 0.07810874519230769 0.34481114423076925 0.07504548557692307
5 0.3772251177884615 0.043743675480769226 0.36654165624999996 0.047234225961538465 0.3689601826923077 0.04911495673076923 0.3796329495192308 0.04623705769230769 0.3772251177884615 0.043743675480769226
5 0.39274976442307696 0.0905903798076923 0.3944369711538461 0.08755563701923076 0.38386044951923076 0.08491967067307692 0.3806036658653846 0.08424998317307691 0.3797440216346154 0.08668633173076924 0.39274976442307696 0.0905903798076923
5 0.37615159615384614 0.05843306009615385 0.3662636153846154 0.06316317067307692 0.37031587980769226 0.06507242067307692 0.38017177644230765 0.06218026201923077 0.37615159615384614 0.05843306009615385
5 0.3878230288461539 0.04515433894230769 0.38205147596153843 0.04811778846153846 0.38773747596153846 0.05005555528846154 0.3935197235576923 0.046479451923076925 0.3878230288461539 0.04515433894230769
5 0.5027638701923076 0.15440736538461539 0.4980337572115384 0.14451938701923076 0.49312185096153843 0.14504648798076925 0.49625030769230766 0.15306799278846153 0.5003025697115384 0.1549772403846154 0.5027638701923076 0.15440736538461539
5 0.48442502403846155 0.12834804567307692 0.48691840625 0.1259402139423077 0.47719083653846156 0.12148054807692307 0.4731064903846154 0.12140925721153846 0.4730637139423077 0.12385986298076923 0.48442502403846155 0.12834804567307692
5 0.4889264326923077 0.10452591826923077 0.4775437355769231 0.10126303846153847 0.47586722115384616 0.10368512980769232 0.4847886153846154 0.10751788461538461 0.4889264326923077 0.10452591826923077
5 0.5528388413461538 0.14118614423076922 0.5577614423076923 0.14004638942307693 0.549721079326923 0.13255198557692308 0.5464429086538461 0.1331076033653846 0.546410826923077 0.1349455576923077 0.5528388413461538 0.14118614423076922
5 0.6180855600961539 0.19502913461538463 0.617290079326923 0.1937895721153846 0.61318434375 0.19494358413461538 0.6065317596153846 0.20156868509615386 0.6105947163461539 0.20286528125 0.6180855600961539 0.19502913461538463
5 0.6657002211538461 0.5568220913461539 0.6665812548076923 0.5531604399038461 0.6600569951923076 0.55243371875 0.6483320937499999 0.5687756971153847 0.65401809375 0.5707134639423077 0.6657002211538461 0.5568220913461539
5 0.7872277764423077 0.5227858942307692 0.7817449591346153 0.5092077451923077 0.7743931370192307 0.5090794206730769 0.77824221875 0.5226290504807692 0.7872277764423077 0.5227858942307692
5 0.5831215913461538 0.5596705432692308 0.5667093533653846 0.5636739375 0.5706653725961538 0.5710970504807692 0.5863249038461539 0.5634034879807692 0.5831215913461538 0.5596705432692308
5 0.6858183846153847 0.5277570072115385 0.6848945769230769 0.5338692692307693 0.6889789206730769 0.5339405600961539 0.6981462764423078 0.5236823245192308 0.6940940144230769 0.521773076923077 0.6858183846153847 0.5277570072115385
5 0.6931529519230769 0.5756864326923077 0.6841032307692309 0.5792055 0.6873065432692307 0.5829384447115384 0.6955500913461539 0.5787924663461539 0.6931529519230769 0.5756864326923077
5 0.5799773125000001 0.13124159375 0.5809438990384616 0.12267872596153848 0.5768595528846154 0.12260743509615385 0.5767098365384615 0.13118456009615384 0.5799773125000001 0.13124159375
5 0.5724436971153846 0.14152834615384616 0.5823102884615385 0.13802353846153845 0.5799024567307692 0.13553015625 0.5700465600961538 0.1384223125 0.5724436971153846 0.14152834615384616
5 0.4965818173076923 0.13407578846153848 0.5006661610576922 0.13414707932692307 0.4942595360576923 0.12668119230769231 0.4918089278846154 0.12663841586538463 0.4917554591346154 0.12970167548076922 0.4965818173076923 0.13407578846153848
5 0.046003329326923074 0.2475529230769231 0.031278298076923075 0.24852157451923076 0.03203100721153846 0.2522117403846154 0.0467560360576923 0.25124309134615386 0.046003329326923074 0.2475529230769231
5 0.15228769951923077 0.4314211394230769 0.16231469711538463 0.4187265528846154 0.15582252163461538 0.4161618774038462 0.14825682451923078 0.4282865865384615 0.15228769951923077 0.4314211394230769
5 0.11219766826923078 0.2002941129807692 0.1172058221153846 0.19425314663461538 0.11393834374999999 0.1941961105769231 0.10976844951923076 0.19902603365384616 0.11219766826923078 0.2002941129807692
5 0.20681959134615385 0.2564883653846154 0.196232375 0.2544650480769231 0.19620029326923077 0.2563030048076923 0.20595994471153847 0.2589247139423077 0.20681959134615385 0.2564883653846154