34 0.5150406129807692 0.5719156081730769 0.526953326923077 0.5687482043269231 0.5333017259615385 0.5639715673076923 0.5324319278846154 0.5542958966346154 0.5443167860576923 0.4977245817307692 0.5406408990384615 0.49079110096153844 0.5291120793269231 0.48412809134615387 0.5151452908653846 0.48056114663461535 0.5027203725961539 0.48119627163461537 0.49559840625 0.4855692524038462 0.46672190865384616 0.5397455793269231 0.4644601057692308 0.5481107211538462 0.4736950432692308 0.5600481947115384 0.4884674783653846 0.56710946875 0.5011432379807692 0.5711352427884615 0.5150406129807692 0.5719156081730769
56 0.4127231754807692 0.5806510649038461 0.4109946129807692 0.5779694375 0.4140194639423077 0.5767974759615385 0.4193276754807692 0.5771405697115385 0.4238623197115385 0.5770800096153846 0.4245985504807692 0.5777877499999999 0.42887709375 0.5764610504807692 0.43249408173076925 0.5738184278846153 0.4340517331730769 0.5678362163461539 0.43605217548076924 0.5615996995192307 0.4378285913461539 0.5571877163461538 0.4294261153846154 0.55523 0.42810300721153843 0.55259815625 0.42581964423076923 0.5510831009615385 0.42095422355769235 0.5504857019230769 0.41652632932692313 0.5530287596153847 0.4118796730769231 0.5540015889423077 0.40834261778846154 0.5526412740384615 0.40709418509615386 0.54940125 0.39862229567307694 0.544656951923077 0.3949038100961539 0.5414223221153847 0.39018774038461534 0.5396085673076922 0.38834716586538465 0.5378392067307692 0.38960612019230767 0.5342897067307693 0.3872801634615385 0.5364735024038462 0.38355115865384615 0.5400283918269231 0.38343388701923076 0.5443354182692308 0.38166273076923074 0.545352639423077 0.3811026682692308 0.5499139735576923 0.38146552403846157 0.5536626081730769 0.3859254951923077 0.5542102235576923 0.38765405528846153 0.5568918509615385 0.39111117307692306 0.5622551033653846 0.39508575721153844 0.566755875 0.3975878846153846 0.5698411586538461 0.40071422836538456 0.574546451923077 0.4048008245192308 0.5781349567307692 0.4127231754807692 0.5806510649038461
5 0.40912618509615384 0.5227961682692308 0.4052956923076923 0.5204738028846154 0.40256428125000004 0.5226078149038462 0.39605601201923074 0.5353903269230769 0.40084675961538463 0.5365959038461539 0.40912618509615384 0.5227961682692308
5 0.41127071634615386 0.5187380552884615 0.42279375721153845 0.5053365865384616 0.41984884375 0.502505608173077 0.41726678125 0.5034232644230769 0.4049328365384615 0.5167251682692308 0.40795242548076927 0.5189479687499999 0.41127071634615386 0.5187380552884615
5 0.44734489423076923 0.5064990456730769 0.4221963605769231 0.5102020096153846 0.4241063461538461 0.5147579519230769 0.44689684375 0.5101481129807692 0.44734489423076923 0.5064990456730769
5 0.43537276682692305 0.47663110576923073 0.43424212259615386 0.4925432956730769 0.439993125 0.4926320817307692 0.4420093461538462 0.47621128125 0.43537276682692305 0.47663110576923073
5 0.4649712716346154 0.5037245192307692 0.4557631514423077 0.49827247836538463 0.4519968125 0.5021314567307692 0.4618664855769231 0.5088994206730769 0.4649712716346154 0.5037245192307692
5 0.46157726923076925 0.4576241322115384 0.45152668509615385 0.4724410889423077 0.45616808413461535 0.47486302163461536 0.46887540384615384 0.45852023076923076 0.46157726923076925 0.4576241322115384
5 0.46182337019230774 0.48913903125 0.4681507307692308 0.49794144230769233 0.4713301899038462 0.4921583629807692 0.4669874903846154 0.4873037211538461 0.46182337019230774 0.48913903125
5 0.4570967764423077 0.4941148004807693 0.47302667067307697 0.4917493173076923 0.47347472115384615 0.48810025240384614 0.45754482692307696 0.49046573317307696 0.4570967764423077 0.4941148004807693
5 0.475032375 0.4821180408653846 0.4526899230769231 0.4830788125 0.45216719951923073 0.4873360552884615 0.47450964903846155 0.4863752860576923 0.475032375 0.4821180408653846
5 0.4486143653846154 0.49616002403846154 0.4506411057692308 0.4729497019230769 0.4457010096153846 0.4729604807692308 0.4438236201923077 0.4949544471153846 0.4486143653846154 0.49616002403846154
5 0.4013484447115384 0.545917701923077 0.41012955528846157 0.5414397668269231 0.4088064471153846 0.538807923076923 0.3951599134615385 0.5426884591346154 0.4013484447115384 0.545917701923077
5 0.40119909374999996 0.5471340576923077 0.40738762500000003 0.5503633004807692 0.4172036658653846 0.5441603990384615 0.41661678365384613 0.5422363004807692 0.4116766899038462 0.5422470793269231 0.40119909374999996 0.5471340576923077
5 0.4383618365384615 0.5461409495192308 0.42715853365384615 0.5435306634615384 0.4267104855769231 0.5471797283653846 0.4363666538461538 0.5489827043269231 0.4383618365384615 0.5461409495192308
5 0.1624315841346154 0.5610313629807693 0.1598390048076923 0.5687385432692308 0.1655153317307692 0.5694355072115385 0.16714765865384618 0.5628451177884616 0.1624315841346154 0.5610313629807693
5 0.6231302331730769 0.07371559615384615 0.6211992067307693 0.08273869471153847 0.6267261826923077 0.08465201682692307 0.6280703293269231 0.07370481730769231 0.6231302331730769 0.07371559615384615