5 0.4912985264423077 0.20839608413461536 0.49765729567307687 0.20105421634615384 0.43473895673076923 0.17978162740384615 0.36713520673076927 0.16227409615384614 0.3417001346153846 0.1696159639423077 0.3313253004807692 0.18467620432692305 0.4631860769230769 0.22646837259615385 0.47891566346153847 0.2181852403846154 0.4912985264423077 0.20839608413461536
24 0.3982597043269231 0.4836219879807692 0.3955823293269231 0.4962349399038462 0.3979250336538461 0.5124246995192308 0.4170013389423077 0.5320030120192307 0.4350736274038462 0.5393448798076923 0.4638554206730769 0.5466867475961539 0.48728246394230773 0.5451807235576923 0.5177376177884615 0.5365210841346154 0.5391566274038462 0.5239081322115384 0.5505354759615385 0.5073418677884616 0.5508701466346154 0.4888930721153846 0.5525435072115384 0.48230421634615384 0.5425033461538461 0.4781626514423077 0.5244310576923077 0.46969126442307696 0.5030120480769231 0.4631024086538461 0.4769076298076923 0.4599021081730769 0.45013386778846154 0.4612198798076923 0.4273761706730769 0.4681852403846154 0.3982597043269231 0.4836219879807692
56 0.12851405528846155 0.3687876514423077 0.06659973317307692 0.3755647596153846 0.08132530048076923 0.40436746875 0.0873493966346154 0.40436746875 0.10040160576923077 0.40719126442307696 0.13855421634615384 0.38798945673076923 0.12851405528846155 0.3687876514423077
28 0.9799196778846154 0.3117469879807692 0.9685408293269231 0.31024096394230766 0.9588353413461538 0.3128765072115384 0.9608433725961538 0.3149472884615384 0.9715528774038462 0.31400602403846156 0.9762382860576923 0.31475903605769234 0.9799196778846154 0.3117469879807692
28 0.9190093701923078 0.3998493966346154 0.9153279783653846 0.3983433725961539 0.9116465865384615 0.4006024086538461 0.9036144567307692 0.3942018076923077 0.8992637211538461 0.3962725913461539 0.9096385552884616 0.4026731923076923 0.9069611778846153 0.40775602403846156 0.9099732259615384 0.4105798197115385 0.9190093701923078 0.3998493966346154
28 0.9123159302884616 0.44728915625000004 0.9029451129807692 0.4523719879807692 0.9226907620192308 0.4606551201923077 0.9267068269230769 0.45406626442307696 0.9250334663461538 0.44653614423076926 0.9123159302884616 0.44728915625000004
28 0.997322625 0.5440512043269231 0.9989959831730769 0.5393448798076923 0.963855420673077 0.5399096394230769 0.9571619807692309 0.5434864447115385 0.9608433725961538 0.546875 0.9725568942307692 0.5432981923076923 0.9912985264423076 0.5429216875 0.997322625 0.5440512043269231
28 0.9946452475961538 0.5954442764423077 0.9902945120192308 0.598644579326923 0.9862784471153846 0.59958584375 0.9799196778846154 0.5980798197115385 0.9799196778846154 0.5948795192307692 0.9846050865384615 0.5899849399038462 0.9748995985576923 0.5890436754807692 0.9738955817307692 0.5973268076923077 0.9785809903846154 0.59958584375 0.9852744302884615 0.6027861442307693 0.9933065600961538 0.6024096394230769 0.9983266394230769 0.5965737956730769 0.9946452475961538 0.5954442764423077
28 0.9320615793269231 0.5832078317307693 0.9380856754807693 0.5788780120192307 0.9347389567307692 0.5758659639423077 0.928714860576923 0.5768072283653847 0.9233601081730769 0.5753012043269231 0.9210174038461538 0.5717243966346154 0.9106425697115385 0.5721009038461539 0.9106425697115385 0.5753012043269231 0.9170013389423077 0.5820783125 0.9253681394230769 0.58396084375 0.9320615793269231 0.5832078317307693
28 0.9163319951923078 0.7095256033653846 0.93038821875 0.7146084326923077 0.9380856754807693 0.711784639423077 0.9340696129807693 0.7083960841346154 0.9186746995192308 0.702183735576923 0.9086345384615384 0.6991716874999999 0.8979250336538461 0.698230420673077 0.887550201923077 0.7004894567307692 0.8828647932692307 0.703125 0.8848728245192308 0.7053840360576923 0.89257028125 0.7025602403846154 0.897590360576923 0.7063253004807692 0.9059571610576923 0.7087725913461539 0.9163319951923078 0.7095256033653846
28 0.8504016057692307 0.9329819278846153 0.8507362788461539 0.9367469879807693 0.8627844711538462 0.9431475913461539 0.8641231586538461 0.9378765072115385 0.85609103125 0.9329819278846153 0.8504016057692307 0.9329819278846153
28 0.5311244975961539 0.890625 0.533801875 0.9026731923076923 0.5421686754807692 0.90436746875 0.5515394903846154 0.9030496995192308 0.5605756370192307 0.8962725913461539 0.5699464519230769 0.895519579326923 0.5625836682692308 0.8923192764423077 0.5575635865384615 0.8889307235576923 0.5498661322115385 0.8853539158653846 0.533801875 0.8815888557692309 0.5331325312499999 0.885730420673077 0.5428380192307692 0.8874246995192308 0.5461847379807693 0.8900602403846154 0.537483266826923 0.8894954807692308 0.5311244975961539 0.890625
28 0.47021418990384617 0.7701430721153847 0.4742302548076923 0.7797439759615384 0.4735609110576923 0.7701430721153847 0.47021418990384617 0.7701430721153847
28 0.5097054879807692 0.8537274086538461 0.5097054879807692 0.8488328317307693 0.505020079326923 0.8477033125000001 0.5043507355769231 0.8522213846153845 0.5 0.8542921682692307 0.5013386875 0.8565512043269231 0.5097054879807692 0.8537274086538461
28 0.3129183389423077 0.8945783125000001 0.3139223557692308 0.8968373485576924 0.32295850000000004 0.8940135552884616 0.3219544855769231 0.8881777115384615 0.3219544855769231 0.8855421682692307 0.3286479254807692 0.8853539158653846 0.33534136538461534 0.8876129519230769 0.33601070913461534 0.88478915625 0.3249665336538462 0.8821536153846155 0.31659973317307694 0.8829066274038462 0.31024096394230766 0.8859186754807692 0.31726907692307693 0.8876129519230769 0.3186077644230769 0.8919427716346154 0.3129183389423077 0.8945783125000001
28 0.3493975913461539 0.8859186754807692 0.3393574302884615 0.8893072283653846 0.3370147259615385 0.8940135552884616 0.3370147259615385 0.9017319278846153 0.3413654615384615 0.89646084375 0.3430388221153846 0.8913780120192307 0.3493975913461539 0.8859186754807692
28 0.06827309134615385 0.23964608413461536 0.06961178124999999 0.2366340360576923 0.057228915865384616 0.23588102403846156 0.05421686778846154 0.23117469951923075 0.058567603365384614 0.22665662740384615 0.05555555528846154 0.22213855528846155 0.04819277163461539 0.22477409615384614 0.046854084134615386 0.2334337355769231 0.05153949038461539 0.23870481971153845 0.06827309134615385 0.23964608413461536
28 0.055220884615384616 0.2522590360576923 0.0491967860576923 0.24962349278846155 0.05153949038461539 0.24209337259615385 0.044511379807692306 0.2338102403846154 0.03915662740384615 0.2353162644230769 0.046519411057692306 0.24209337259615385 0.03447121875 0.2424698798076923 0.03447121875 0.24529367548076925 0.04149933173076924 0.24679969951923075 0.044846050480769235 0.25282379567307695 0.05153949038461539 0.25508283173076923 0.055220884615384616 0.2522590360576923
28 0.7366131201923077 0.5015060240384616 0.7476572956730769 0.5050828317307693 0.75200803125 0.5112951802884615 0.7580321274038462 0.5075301201923077 0.7566934399038462 0.5022590360576923 0.7617135216346154 0.49661144471153845 0.7633868798076923 0.49096385576923074 0.7573627836538462 0.48588102403846156 0.7603748317307691 0.4819277115384616 0.7536813918269231 0.48286897596153844 0.7510040168269231 0.4851280120192308 0.7429718870192308 0.4860692764423077 0.7399598389423077 0.4881400600961538 0.7402945120192308 0.4926581322115385 0.7406291826923077 0.49661144471153845 0.7356091033653847 0.4986822283653846 0.7275769735576922 0.49736445673076923 0.7248995985576923 0.4994352403846154 0.7366131201923077 0.5015060240384616
28 0.7633868798076923 0.6193524086538461 0.7680722884615385 0.625 0.7730923701923077 0.6253765072115385 0.7730923701923077 0.6214231923076923 0.7704149927884616 0.616340360576923 0.7730923701923077 0.6123870480769231 0.7694109783653846 0.610316264423077 0.7660642572115385 0.6138930721153846 0.7660642572115385 0.6076807235576923 0.7727576971153846 0.6018448798076923 0.7617135216346154 0.6020331322115384 0.7556894254807692 0.6078689759615384 0.7533467211538463 0.6127635552884615 0.7553547524038462 0.6169051201923076 0.7633868798076923 0.6193524086538461
28 0.8159303870192307 0.6001506033653846 0.8165997331730769 0.5971385552884615 0.8025435072115384 0.5933734927884615 0.7938420336538462 0.584902108173077 0.7988621153846154 0.5803840360576923 0.7955153942307691 0.5792545192307692 0.7908299855769231 0.5820783125 0.7894912980769231 0.5873493966346154 0.7995314591346154 0.5963855432692308 0.8159303870192307 0.6001506033653846
28 0.6281793846153847 0.5939382524038461 0.6278447115384616 0.5890436754807692 0.6178045504807692 0.5837725913461539 0.6117804543269231 0.5948795192307692 0.6214859447115385 0.6073042163461538 0.6382195456730769 0.6069277115384616 0.6342034807692307 0.6003388557692307 0.6281793846153847 0.5939382524038461
28 0.6345381514423077 0.6248117475961539 0.6315261033653846 0.6223644567307692 0.6251673365384616 0.6321536153846155 0.6301874158653846 0.6349774086538461 0.6355421682692307 0.6351656634615386 0.643574298076923 0.6314006033653846 0.6482597043269231 0.6221762043269231 0.6419009375000001 0.6234939759615384 0.638888889423077 0.63083584375 0.6321954495192308 0.6327183725961538 0.6301874158653846 0.629894579326923 0.6345381514423077 0.6248117475961539
28 0.3898929038461538 0.5655120480769231 0.3838688076923077 0.5564759038461539 0.37717536778846156 0.5574171682692307 0.3818607764423077 0.5660768076923077 0.3755020072115384 0.5715361442307693 0.38286479326923073 0.573230420673077 0.3898929038461538 0.5655120480769231
28 0.43340026682692306 0.4563253004807692 0.4273761706730769 0.44973644471153845 0.4243641225961538 0.44710090384615386 0.4193440432692308 0.4501129519230769 0.4143239615384615 0.4448418677884615 0.4086345384615385 0.4480421682692307 0.4136546177884615 0.4499246995192308 0.42469879567307695 0.4518072283653846 0.4280455144230769 0.45594879567307695 0.4186746995192308 0.45463102403846156 0.41231593028846153 0.45500753125 0.40361445673076923 0.4548192764423077 0.39591700240384614 0.45594879567307695 0.39959839423076926 0.4599021081730769 0.4059571610576923 0.45914909615384614 0.41967871394230766 0.46272590384615386 0.42336010817307695 0.4602786153846154 0.41532797836538465 0.4574548197115385 0.4293842043269231 0.4606551201923077 0.43340026682692306 0.4563253004807692
28 0.5645916995192308 0.16490963942307693 0.5645916995192308 0.16001506009615385 0.5475234278846154 0.16321536057692307 0.53647925 0.16208584375 0.5341365456730769 0.16547439663461538 0.5257697451923077 0.16754518028846155 0.5271084326923077 0.17055722836538462 0.5448460504807693 0.16716867548076925 0.5645916995192308 0.16490963942307693
28 0.11077643990384616 0.4442771081730769 0.12382864903846154 0.4423945793269231 0.12617135096153848 0.4386295192307692 0.11044176682692308 0.4386295192307692 0.11077643990384616 0.4442771081730769