56 0.20016456971153845 0.1765944326923077 0.1511653341346154 0.1991801081730769 0.15147330048076924 0.20830256490384616 0.16183415865384615 0.20347493749999998 0.17347582692307692 0.20768464903846157 0.20360981009615384 0.19916650961538462 0.20016456971153845 0.1765944326923077
10 0.5472268557692308 0.20504798557692305 0.54153575 0.20162472115384616 0.5203276105769231 0.2113225360576923 0.5182034591346154 0.22065777403846154 0.5199139519230769 0.22900399759615386 0.5472103918269231 0.22726939663461537 0.5499911923076923 0.21983729326923077 0.5472268557692308 0.20504798557692305
6 0.3617579110576923 0.5669910120192307 0.37684526201923074 0.5545610552884616 0.3836551875 0.5539652644230769 0.3851226875 0.5427268894230769 0.37943158173076924 0.5393036274038462 0.3641337259615384 0.5269179158653846 0.34937080528846154 0.5262489182692307 0.3281708966346154 0.5248360264423076 0.3166994543269231 0.5225720048076923 0.2982478581730769 0.5189580841346154 0.2893380384615385 0.5347687451923077 0.29058636298076923 0.5490371610576923 0.29301024759615385 0.5599350817307692 0.32053365625 0.5607947403846154 0.3617579110576923 0.5669910120192307
56 0.012438146634615383 0.14857842548076922 0.017894052884615385 0.16051813701923076 0.020796129807692305 0.18248420913461538 0.037918401442307695 0.16530151923076924 0.03200032692307692 0.15928399759615383 0.02236932451923077 0.14444191586538463 0.012438146634615383 0.14857842548076922
6 0.42811550240384616 0.44028269471153847 0.4210218677884615 0.4376356658653846 0.4134093221153846 0.4402622644230769 0.4058535192307692 0.44353742548076924 0.38896644711538464 0.45220366586538463 0.38700428846153845 0.4745953028846154 0.39732442788461536 0.48610944951923074 0.4144627235576923 0.48591710096153845 0.43192544951923073 0.47262579567307694 0.42856120673076925 0.4565819158653846 0.42811550240384616 0.44028269471153847
10 0.4030484639423077 0.4450898918269231 0.3953549206730769 0.44118828846153846 0.38376176201923073 0.44873784615384615 0.36634754807692305 0.4737884206730769 0.3875959639423077 0.4869605793269231 0.39835401682692306 0.4866729014423077 0.38694754807692305 0.47394673798076925 0.3890799302884615 0.45350079326923076 0.4030484639423077 0.4450898918269231
56 0.5913812620192307 0.6200967692307693 0.5878467932692307 0.6021071971153846 0.5576560673076923 0.6099767716346154 0.5640683581730769 0.6440527788461539 0.5913812620192307 0.6200967692307693
6 1 0.5575503822115384 0.9757045360576923 0.5590246394230769 0.9366251899038461 0.55133365625 0.9342533125 0.5502341105769231 0.9341015865384615 0.5509009134615385 0.9315779855769232 0.5504681706730769 0.9315017956730769 0.5490370745192308 0.9290543846153846 0.5500354302884616 0.9287502764423077 0.5478400384615385 0.9259987596153846 0.5466430024038462 0.92653078125 0.5496026875 0.9240071778846153 0.5491699471153846 0.9232472427884615 0.5454459663461538 0.9204957235576923 0.5442489302884616 0.9214835745192308 0.5487372043269231 0.9189599735576923 0.5483044615384615 0.9172042451923077 0.5458439543269231 0.9164363701923077 0.5478717211538462 0.913912766826923 0.5474389783653846 0.9086348774038462 0.5655460048076922 0.9095102620192308 0.5811541033653846 0.9228866802884615 0.5995896754807692 0.9365065288461539 0.59839809375 0.9355408653846153 0.5777563870192307 0.9479325360576923 0.5777331778846154 0.9458538221153846 0.6099973509615384 0.9564983894230769 0.6084125456730769 0.9957202115384616 0.6141304783653846 1 0.6117618149038462 1 0.5575503822115384
42 0.41649127644230766 0.5669950072115385 0.4157832259615385 0.5701067524038461 0.4248954639423077 0.5771518774038461 0.4272456201923077 0.5760022788461538 0.4274021682692308 0.5766711586538462 0.4295957764423077 0.5748526826923077 0.42990887259615385 0.5761904375 0.4319459302884615 0.5737030841346153 0.43241557692307697 0.57570971875 0.4342960865384615 0.5725534879807692 0.43492228125000004 0.575229 0.43742898317307694 0.5747482788461539 0.43664624038461536 0.5714038894230768 0.4413465528846154 0.5691046947115385 0.44958956490384616 0.5736843653846153 0.4748835697115385 0.5714714278846154 0.4756051923076923 0.5629124230769231 0.44604686298076923 0.5668055 0.4436967067307692 0.5679550961538461 0.4112271057692308 0.5665841899038462 0.4135051658653846 0.5683454711538461 0.4138591899038462 0.5667895985576923 0.41649127644230766 0.5669950072115385
56 0.4389420576923077 0.11583886778846154 0.46303625 0.11111678605769232 0.4848767836538462 0.09744247115384616 0.4380341850961538 0.10546183894230768 0.4389420576923077 0.11583886778846154
56 0.8401094783653846 0.25850102884615384 0.8333320408653846 0.25386575 0.8070894423076923 0.26204343509615385 0.8191525625 0.27667273557692307 0.8281594014423077 0.2843806105769231 0.8535993798076924 0.27823373076923075 0.8546371995192307 0.2676864735576923 0.8401094783653846 0.25850102884615384