44 0.1651516466346154 0.033374439903846156 0.15611077884615382 0.03564446875 0.15768472115384616 0.04340676682692308 0.1707146658653846 0.04344033173076923 0.17033667067307692 0.05127079326923077 0.17744264423076925 0.049556911057692304 0.17593686538461537 0.043746545673076925 0.1651516466346154 0.033374439903846156
44 0.7805736394230769 0.4384127908653846 0.7933309278846153 0.4306386129807693 0.7898391322115385 0.4239204447115385 0.7789144927884616 0.4282105745192308 0.7805736394230769 0.4384127908653846
44 0.4836347235576923 0.4790740168269231 0.4883596466346154 0.4837948076923077 0.49870180528846153 0.48147933653846153 0.4923177379807692 0.4665563269230769 0.4820266995192308 0.47033575 0.4836347235576923 0.4790740168269231
44 0.3984854230769231 0.48449039182692305 0.39476900240384616 0.48999453846153845 0.4001275288461539 0.494204625 0.4170102211538461 0.49263791105769233 0.41672052884615385 0.48434218509615384 0.3984854230769231 0.48449039182692305
44 0.7189033942307692 0.9296338221153846 0.7308024543269231 0.9345926658653846 0.7370703365384615 0.9275336826923077 0.7270891298076924 0.9215307067307692 0.7189033942307692 0.9296338221153846
28 0.564506875 0.9667830937499999 0.6156382764423077 0.9386142860576924 0.6135159350961539 0.9338026129807692 0.5604325961538461 0.9620395817307692 0.564506875 0.9667830937499999
56 0.427116875 0.2597214326923077 0.43528556730769236 0.2511303341346154 0.43160632451923076 0.23904434375 0.42102559375 0.23452804326923077 0.4169141394230769 0.24737466826923077 0.427116875 0.2597214326923077
28 0.14078036057692309 0.17493622115384613 0.08061737740384614 0.14967674038461537 0.07818520192307693 0.1546474639423077 0.14682361538461539 0.18009955288461538 0.14078036057692309 0.17493622115384613
5 0.41785604086538464 0.34896618269230767 0.4045023221153846 0.3396609278846154 0.3961121009615385 0.34190823557692307 0.41354009375 0.3559570048076923 0.41785604086538464 0.34896618269230767
5 0.85197575 0.5243521514423077 0.86717915625 0.5306613413461538 0.8728134326923077 0.5241130625 0.85560696875 0.5164080841346154 0.85197575 0.5243521514423077
5 0.011539084134615383 0.7085803509615385 0.03191357211538461 0.7137318052884616 0.03761600961538462 0.7091354615384616 0.01782400480769231 0.7020093509615385 0.011539084134615383 0.7085803509615385
5 0.7949885961538462 0.963131704326923 0.8098682283653846 0.9601692019230769 0.8096466971153846 0.9538254134615385 0.7940823389423077 0.9558346682692308 0.7949885961538462 0.963131704326923
5 0.9307890625 0.9344490841346154 0.9349996682692308 0.9430964663461538 0.9518823557692309 0.94152975 0.95364684375 0.9360937668269231 0.9419693125 0.9374787115384616 0.9307890625 0.9344490841346154
5 0.5584930432692308 0.8878433245192308 0.5359621346153847 0.8769042259615384 0.5316291466346154 0.8834070625 0.5528076466346155 0.8929276514423077 0.5584930432692308 0.8878433245192308