44 0.1733463846153846 0.027601598557692307 0.1642672764423077 0.029713497596153847 0.1657055096153846 0.03750208413461538 0.17873288221153846 0.03776304567307692 0.17821828365384615 0.04558571875 0.18535308653846153 0.04399611298076923 0.18394894230769232 0.03816035576923077 0.1733463846153846 0.027601598557692307
44 0.7816057524038461 0.4433188557692308 0.7944967740384615 0.4357685096153846 0.7911227596153847 0.4289904230769231 0.7801249110576923 0.4330892355769231 0.7816057524038461 0.4433188557692308
44 0.4840024254807692 0.47879159134615384 0.4886442403846154 0.483594125 0.4990252331730769 0.4814595 0.49290257932692305 0.4664273485576923 0.4825471490384615 0.4700265913461538 0.4840024254807692 0.47879159134615384
44 0.39877156490384613 0.4827210793269231 0.39495964903846154 0.4881595288461539 0.40024388461538457 0.49246249278846155 0.4171513461538462 0.4911906610576923 0.4170064783653846 0.4828911442307692 0.39877156490384613 0.4827210793269231
44 0.7113719110576924 0.9333887764423078 0.7231826153846155 0.9385545336538462 0.7295727379807692 0.9316060144230769 0.7196978173076923 0.9254297572115384 0.7113719110576924 0.9333887764423078
28 0.5563505625 0.9678378004807692 0.6079657908653846 0.9405656490384615 0.6059277451923077 0.9357176682692308 0.5523596899038462 0.96302390625 0.5563505625 0.9678378004807692
56 0.43132141586538464 0.2584860408653846 0.4396387980769231 0.25003881490384616 0.43617104567307696 0.23789045432692307 0.4256707475961538 0.23319018269230768 0.4213357139423077 0.24596309615384618 0.43132141586538464 0.2584860408653846
28 0.14650821634615385 0.16871648317307694 0.08679523557692306 0.1424108605769231 0.08427668028846155 0.14733837980769232 0.1524604375 0.17398449759615384 0.14650821634615385 0.16871648317307694
5 0.42050445432692307 0.3475555769230769 0.4073151706730769 0.33801868509615385 0.3988870048076923 0.3401192211538462 0.41606715865384614 0.3544700096153846 0.42050445432692307 0.3475555769230769
5 0.8514971394230769 0.530491266826923 0.8665881201923077 0.5370648317307692 0.8723358197115385 0.5306158822115384 0.8552664471153846 0.5226117836538461 0.8514971394230769 0.530491266826923
5 0.00797325 0.7000237644230769 0.028254728365384615 0.7055300192307693 0.034036516826923074 0.7010338966346155 0.014371894230769231 0.6935634543269231 0.00797325 0.7000237644230769
5 0.78686090625 0.9682094278846154 0.8017899735576923 0.9655070625 0.8016791923076922 0.9591603725961538 0.7860821370192308 0.9608976874999999 0.78686090625 0.9682094278846154
5 0.9231412692307692 0.9419012211538462 0.9272003149038461 0.9506207716346153 0.9441077764423077 0.9493489374999999 0.9459668653846154 0.943944576923077 0.9342669423076924 0.9451255096153847 0.9231412692307692 0.9419012211538462
5 0.5517153365384615 0.8888050961538462 0.5293787716346153 0.8774744495192308 0.5249329543269231 0.883900673076923 0.5459420697115385 0.8937894254807692 0.5517153365384615 0.8888050961538462