7 0.2438936923076923 0.3177465576923077 0.25139509615384614 0.3148134591346154 0.2638297836538462 0.31043684134615385 0.26914173798076924 0.30946614903846154 0.2695696129807692 0.3066459471153846 0.29242525721153845 0.3018635721153846 0.3102377956730769 0.2972694326923077 0.3010890456730769 0.28137324278846154 0.2763347668269231 0.28758662259615386 0.23553479326923077 0.2954567956730769 0.18165788942307692 0.30421807692307695 0.18141187740384618 0.3206832211538462 0.2009148197115385 0.31998885096153845 0.22452781009615386 0.3161521298076923 0.22805095673076922 0.31786772355769227 0.23474581249999998 0.31728199759615383 0.2438936923076923 0.3177465576923077
7 0.3531235384615385 0.29781805528846156 0.3551733052884615 0.25184956009615383 0.34413733653846157 0.24522572115384617 0.3398955048076923 0.24686172836538461 0.32878309615384615 0.24707499759615384 0.3334167668269231 0.28461642548076926 0.3353171442307692 0.3140486826923077 0.3329414326923077 0.32159291586538463 0.3311034230769231 0.32757223076923075 0.32126936298076925 0.3231200456730769 0.3209636033653846 0.35046850721153844 0.3242539014423077 0.4073538485576923 0.31049253125000004 0.4351205841346154 0.3166452932692308 0.4553265504807692 0.33049451682692305 0.42856404086538463 0.3221988581730769 0.45711748317307693 0.3386908629807692 0.4875499471153846 0.3438543389423077 0.48102670913461537 0.3461210961538462 0.48765882451923076 0.3594484471153846 0.45107580048076923 0.3573688605769231 0.35790856730769227 0.3531235384615385 0.29781805528846156
6 0.5420203557692308 0.43282601923076924 0.5465363125 0.42661241346153844 0.5432653221153847 0.42006815865384617 0.5341174423076923 0.4196036009615384 0.5045730865384616 0.4366081875 0.5006115192307692 0.4453030817307692 0.5026805985576923 0.4496756754807692 0.50676340625 0.4500774158653846 0.5165588076923077 0.4502323413461538 0.5420203557692308 0.43282601923076924
37 0.5035363485576924 0.44403527644230767 0.5011219807692308 0.44728225 0.50241175 0.45045813701923076 0.5083272980769231 0.44867569711538463 0.5086673125 0.4448512668269231 0.5035363485576924 0.44403527644230767
37 0.45516035336538463 0.2997690769230769 0.46317221875 0.2988151514423077 0.46284274759615385 0.2950492956730769 0.4580465264423077 0.2942040144230769 0.45346994951923075 0.2958693076923077 0.45516035336538463 0.2997690769230769
37 0.47980219471153845 0.24600552403846151 0.4802300697115385 0.2431853221153846 0.4717956033653846 0.24316430769230768 0.47143362259615385 0.2467376778846154 0.47980219471153845 0.24600552403846151
6 0.47012450480769236 0.289605625 0.4746299158653846 0.29098230528846153 0.4816814783653846 0.29061835096153843 0.48893600000000004 0.2887187716346154 0.4883974302884615 0.2748520576923077 0.48778241826923074 0.2678224567307692 0.4858890576923077 0.2654583173076923 0.48654185096153846 0.26135354326923077 0.47933038942307693 0.24832361057692307 0.4799392548076923 0.24371672115384616 0.47224016826923076 0.24439030528846153 0.47060511057692306 0.24883399278846152 0.46905791346153847 0.25428191105769227 0.46623763461538464 0.2606001442307692 0.4676591923076923 0.26528237259615384 0.4692617403846154 0.2681779110576923 0.4676486442307692 0.27287265625 0.47012450480769236 0.289605625
10 0.5208341009615385 0.26391889423076925 0.514320233173077 0.2627179302884616 0.5088272860576923 0.2654753100961539 0.49827454326923076 0.26437472596153844 0.49441138221153846 0.2664835625 0.4953664086538462 0.2696887307692308 0.49955463701923075 0.2905725264423077 0.5049764158653847 0.2908571201923077 0.5110237524038461 0.29058102403846153 0.5172740432692308 0.2887693004807692 0.519215735576923 0.27240878125 0.5208341009615385 0.26391889423076925
32 0.5240875264423077 0.2509853149038462 0.5078002211538462 0.24988048076923078 0.5053419278846154 0.25262534134615383 0.4972808605769231 0.2568722980769231 0.49011419951923074 0.25977611057692307 0.49823061298076926 0.2638726105769231 0.5070876802884615 0.2648685697115385 0.5126025913461538 0.26236224759615384 0.5271827956730769 0.25552111298076924 0.5314518677884615 0.25034101923076924 0.5240875264423077 0.2509853149038462
38 0.3133225961538461 0.11662566826923076 0.31386117067307695 0.13049238461538462 0.3246063221153846 0.137647625 0.34302332451923073 0.1476733701923077 0.3383281610576923 0.09015200240384616 0.3333509495192307 0.09109340865384616 0.3278852403846154 0.09030670192307692 0.3220742427884616 0.09713956730769231 0.3133225961538461 0.11662566826923076
5 0.6739555072115385 0.6608541033653845 0.6551492836538462 0.6579458149038462 0.6547873052884616 0.6615191874999999 0.673192889423077 0.6637035913461538 0.6739555072115385 0.6608541033653845