7 0.5122598004807692 0.2935713413461538 0.4331296778846154 0.20389613701923076 0.41500580528846154 0.19941474038461537 0.2693403413461538 0.4239550504807692 0.22360305048076923 0.4938757956730769 0.19982378846153845 0.5273611802884616 0.23874822115384614 0.5216648725961538 0.24175412259615386 0.5182420504807692 0.36068877884615386 0.6734488966346154 0.3717397355769231 0.6738348052884615 0.40280393269230774 0.6521493100961538 0.5113865288461539 0.4907763798076923 0.5803107475961539 0.39055664663461537 0.5122598004807692 0.2935713413461538
11 0.22732279807692307 0.5251143870192307 0.21113150480769233 0.53417021875 0.2082588125 0.5613300985576923 0.2449476298076923 0.5783260024038461 0.2560545144230769 0.5771103221153846 0.2684914807692308 0.56535771875 0.27002824519230767 0.5557901370192307 0.2488659326923077 0.5281116466346154 0.22732279807692307 0.5251143870192307
11 0.2653386346153846 0.6143159711538462 0.26647373076923075 0.5886989567307692 0.2650940793269231 0.57999165625 0.2572557043269231 0.5771522692307692 0.24566834375 0.578351170673077 0.23225975000000001 0.5766000985576923 0.21661298557692307 0.6664934086538461 0.22649579807692308 0.6796668533653847 0.24300511778846154 0.6821676201923077 0.25600035096153845 0.6819800072115385 0.26349298798076926 0.6671683701923077 0.2653386346153846 0.6143159711538462
11 0.28811118028846155 0.6096591682692307 0.28365902403846155 0.5925061610576923 0.2824247860576923 0.5796347331730769 0.2805758413461538 0.5705903365384615 0.2678767764423077 0.56918475 0.26892136778846154 0.5737111442307692 0.2681889567307692 0.5877967283653847 0.2645502956730769 0.6300031442307692 0.2645604615384615 0.6572636947115384 0.2702361802884615 0.6738180120192307 0.2906228677884615 0.6754920552884616 0.3052049447115385 0.6711906514423076 0.30764673317307695 0.6632582163461538 0.28811118028846155 0.6096591682692307
11 0.3438166875 0.6606728004807692 0.3429846274038461 0.650060375 0.2943807668269231 0.5816557860576923 0.28345818990384614 0.5844814447115385 0.2833964134615385 0.5931384086538461 0.2894743100961538 0.6119517259615385 0.31016631009615386 0.6668739903846154 0.31674756490384615 0.6712730216346153 0.33175418749999996 0.6685899807692308 0.3438166875 0.6606728004807692
11 0.2643751298076923 0.6832345865384616 0.19982936057692308 0.678735641826923 0.19116375240384614 0.6858093197115385 0.18783244471153845 0.7261022187499999 0.19268143990384615 0.7387791682692307 0.25527174759615384 0.7441719543269231 0.2696695144230769 0.7382605697115385 0.27343121875 0.6925306610576923 0.2643751298076923 0.6832345865384616
11 0.22071379326923074 0.8176901682692308 0.23385699278846153 0.7443862572115385 0.18979858173076922 0.7386784975961539 0.1769739206730769 0.809748576923077 0.18172224519230767 0.8253083846153846 0.18992923798076924 0.8313677259615384 0.20162260817307692 0.8340210240384616 0.21200877884615382 0.8327801754807692 0.22071379326923074 0.8176901682692308
11 0.2986696899038461 0.7825688846153847 0.2988044278846154 0.7649346394230769 0.2944412451923077 0.7590095264423078 0.2872623197115385 0.7510618365384616 0.2749153485576923 0.7464614615384615 0.2664175264423077 0.7487303774038462 0.25873524278846155 0.7551969783653847 0.23303254326923076 0.8299865528846154 0.2322500528846154 0.8386183509615385 0.23993716586538463 0.8526772403846153 0.2538427596153846 0.8608598317307692 0.2695141706730769 0.859803548076923 0.2986696899038461 0.7825688846153847
11 0.33096989182692305 0.8770229134615384 0.3763268677884615 0.8179929663461538 0.3819141225961538 0.8095289567307693 0.38147889903846155 0.7944404735576923 0.37566894951923074 0.7817299663461538 0.36709333894230767 0.7724506706730769 0.35880804567307695 0.7686335504807692 0.3493716418269231 0.7702282740384615 0.3054337235576923 0.8299491923076924 0.3022765576923077 0.8445915168269231 0.30546625961538465 0.8565691081730769 0.30724808653846153 0.8675354086538462 0.3201815432692308 0.8760047596153846 0.33096989182692305 0.8770229134615384
11 0.2924105456730769 0.6794029807692308 0.28211919951923076 0.6848163461538461 0.27366560817307695 0.6995944278846153 0.2728320168269231 0.7303533028846154 0.3240795168269231 0.7712693028846154 0.33356066346153845 0.7683933100961539 0.34373481490384616 0.7594480625 0.35353501201923077 0.7405478004807692 0.34708849519230767 0.7185145288461539 0.2924105456730769 0.6794029807692308
11 0.39644333173076923 0.7240865360576922 0.40327118269230766 0.707648141826923 0.4031433125 0.6906461442307692 0.39886961538461535 0.6821584903846154 0.3791034807692307 0.6696020384615384 0.3707564110576923 0.6744418822115384 0.3604261706730769 0.674081141826923 0.3422527259615385 0.6503555216346153 0.3438166875 0.6606728004807692 0.33269276923076924 0.6692641730769231 0.32228422836538456 0.67114565625 0.32009386538461543 0.6787661634615384 0.31914358653846153 0.6922027211538461 0.3266687596153846 0.7040110024038462 0.3781064206730769 0.7394816033653846 0.3873025841346154 0.7378784927884615 0.39644333173076923 0.7240865360576922
11 0.48272596875 0.6296043004807692 0.5144219038461538 0.596716079326923 0.5163496586538462 0.5897278197115384 0.5215011802884615 0.5799657596153847 0.5164902451923077 0.5650381971153846 0.5052554903846154 0.5492518774038462 0.49584730528846155 0.5431505889423077 0.4860588076923077 0.5479400985576923 0.4750238629807692 0.5677593653846154 0.4397073197115385 0.6078974399038461 0.4386062908653846 0.6187630721153846 0.4418684423076923 0.6355538125 0.45242722836538457 0.6500336947115385 0.4675451995192308 0.6579379134615385 0.48272596875 0.6296043004807692
11 0.5335544927884615 0.8202763966346154 0.5217805480769231 0.73038765625 0.5145403557692307 0.7173064951923076 0.4788673990384615 0.7263234302884616 0.4753581394230769 0.7441605432692308 0.4876573052884616 0.8327847884615385 0.4927300168269231 0.8390553894230769 0.5120609278846154 0.8365233557692308 0.5286655817307693 0.8294062067307693 0.5335544927884615 0.8202763966346154
11 0.6146452235576922 0.46808418269230767 0.6283110913461538 0.46246794951923076 0.6364013990384615 0.4512049735576923 0.6383238149038462 0.43748165384615384 0.6354356177884615 0.43064592548076924 0.6271503245192308 0.4268288052884615 0.6238050456730769 0.3917547932692308 0.6194034783653847 0.36626514182692305 0.6139120673076923 0.35132079807692307 0.6081633846153847 0.34374376442307697 0.5934529278846153 0.34483360336538466 0.5789433028846154 0.35394816105769233 0.5721996009615384 0.3610889543269231 0.5727354951923077 0.37329458173076924 0.5806181009615384 0.38864312980769233 0.5903272788461538 0.4136767139423077 0.5907225865384615 0.4505719591346154 0.5991639711538461 0.4636950673076923 0.6035383389423077 0.4692998605769231 0.6146452235576922 0.46808418269230767
11 0.6751211923076923 0.38937758653846155 0.6885137740384616 0.37092348317307694 0.7073700576923077 0.36131929567307697 0.7128177451923077 0.34996403846153845 0.7158795745192308 0.3449396298076923 0.7116229134615384 0.32907628365384617 0.7127351274038461 0.31789033653846155 0.7107407716346154 0.3130100673076923 0.7054555312499999 0.31282550480769233 0.6988465673076922 0.3023320504807692 0.6896674350961539 0.2965594711538462 0.6341431754807693 0.3298984206730769 0.6175097932692307 0.3585020168269231 0.6203196875000001 0.36757996875 0.6249897115384615 0.3853819975961539 0.6360289735576923 0.3998786586538462 0.6519235865384616 0.4062064591346154 0.6751211923076923 0.38937758653846155
11 0.8956877836538462 0.5478127884615385 0.912384985576923 0.4553904951923077 0.9113238725961538 0.444449360576923 0.9121734783653845 0.43389565865384616 0.9016759591346154 0.42454925000000004 0.8849935168269231 0.4201181875 0.8662549375 0.41946382211538463 0.8570023341346154 0.43645895673076923 0.8405341850961539 0.5292099567307692 0.8434165336538462 0.5431010625 0.8564895552884615 0.5544616634615385 0.8736412908653846 0.5592298197115384 0.8840050889423078 0.5586296081730769 0.8956877836538462 0.5478127884615385
44 0.7093105264423076 0.31263941586538463 0.6989744375 0.31933405048076924 0.6979181514423077 0.3289184110576923 0.7011025144230769 0.33416093990384615 0.7102038557692307 0.3283853125 0.7129082524038461 0.31982062980769227 0.7093105264423076 0.31263941586538463
44 0.5028190408653846 0.5639193725961539 0.5072717091346154 0.5672819447115385 0.5092942860576923 0.564466201923077 0.5030203846153847 0.55815365625 0.49942799759615386 0.5577075 0.5028190408653846 0.5639193725961539
44 0.2830046370192308 0.7627793557692308 0.28769220673076923 0.7594152596153846 0.2836811201923077 0.750295360576923 0.2769374158653846 0.7574361538461538 0.2830046370192308 0.7627793557692308
44 0.6266235745192308 0.4694646009615384 0.6253499326923078 0.4646095024038462 0.6165000144230769 0.47007320192307694 0.6214555312500001 0.4728119182692308 0.6266235745192308 0.4694646009615384