5 0.44079423317307687 0.21433719711538463 0.4457814951923077 0.20600268028846153 0.38012508173076925 0.19597892548076923 0.3105082331730769 0.19047664182692306 0.2867344783653846 0.2021237235576923 0.2791324447115385 0.21875673557692307 0.41624709375 0.2370166033653846 0.43029936298076926 0.22612789663461538 0.44079423317307687 0.21433719711538463
24 0.39696135576923075 0.5015378245192308 0.39651487259615387 0.5144240769230769 0.40163330769230765 0.5299610721153847 0.42381954086538465 0.5459293798076923 0.44289217067307696 0.5500214879807692 0.4725116057692308 0.5522539110576923 0.49532122115384614 0.546702704326923 0.5238099639423077 0.5328861418269231 0.5427133533653846 0.5167454375 0.5510426298076923 0.4984549350961538 0.5481686177884615 0.4802283028846154 0.5486724134615385 0.47344897115384615 0.5380656081730769 0.47111378125 0.5187968389423077 0.4659093125 0.49655908894230766 0.46313993028846157 0.4702955288461539 0.4645212331730769 0.4441573485576923 0.4704681995192308 0.4229549158653846 0.48127957451923076 0.39696135576923075 0.5015378245192308
56 0.11137297596153847 0.4352889182692307 0.05157610336538462 0.4527143774038462 0.07107949519230769 0.4785224399038462 0.07701207211538462 0.47747636778846153 0.09035633653846155 0.4779907716346154 0.1245949639423077 0.45245555048076924 0.11137297596153847 0.4352889182692307
28 0.9399388269230768 0.23126979567307693 0.9284713293269231 0.23176256971153847 0.9193709471153846 0.23604341346153845 0.9217080600961538 0.23773404326923078 0.9320914134615385 0.23494739182692306 0.9368364014423077 0.23487535096153847 0.9399388269230768 0.23126979567307693
28 0.8952527067307692 0.3286106947115384 0.8913657259615384 0.3277668197115385 0.8881325384615385 0.3306308028846154 0.8791109831730769 0.3257222043269231 0.8751859326923076 0.3285170264423077 0.8865146033653846 0.33301881730769234 0.8847605240384616 0.3384893509615384 0.8882171610576923 0.3407472091346154 0.8952527067307692 0.3286106947115384
28 0.8968987836538461 0.37649204326923075 0.8885529543269232 0.38312487980769233 0.9094369735576924 0.3878533774038461 0.9122478822115384 0.38066723798076924 0.9092923509615385 0.37354209374999997 0.8968987836538461 0.37649204326923075
28 0.9974165889423077 0.45702280048076926 0.9982472788461538 0.4520973990384615 0.9637386514423076 0.4587556730769231 0.9577680048076923 0.4634404423076923 0.9619818846153846 0.46613825240384615 0.9728963461538461 0.4605817524038462 0.9912878701923076 0.45695651682692306 0.9974165889423077 0.45702280048076926
28 1 0.5119813052884615 0.9999752884615384 0.5120071971153846 0.9961836850961538 0.5136315456730769 0.9896600024038461 0.5132525889423077 0.9891042740384616 0.5101009086538462 0.9928685673076922 0.5044670769230769 0.9831470793269231 0.5052254519230769 0.9835966658653846 0.5135570913461538 0.9886031706730769 0.5149681947115384 0.9957506490384616 0.5169575721153846 1 0.5160012043269231 1 0.5119813052884615
28 0.9399464807692308 0.5069170120192308 0.9451271923076923 0.5016068990384616 0.94130828125 0.4992217620192308 0.9355391538461538 0.5011948004807693 0.9300042331730769 0.5006414975961538 0.9270760144230769 0.4975258365384615 0.9169241778846153 0.4996981947115385 0.9174799038461539 0.502849875 0.9249189014423076 0.5084198365384616 0.9334854879807692 0.5088208870192308 0.9399464807692308 0.5069170120192308
28 0.9463907163461538 0.6340471466346155 0.961116016826923 0.6366119182692308 0.9682061875 0.632494375 0.9636627211538461 0.6298546826923077 0.9474229278846154 0.6264100120192307 0.9370122620192307 0.6251871802884617 0.9263020096153846 0.6261198990384614 0.9164770721153845 0.6301461850961538 0.9123205024038461 0.6335553004807692 0.9146903052884615 0.6354313269230769 0.9217804735576922 0.63131378125 0.9273780817307693 0.6341499134615384 0.9360427403846153 0.6351071442307692 0.9463907163461538 0.6340471466346155
28 0.9202647403846154 0.865557358173077 0.921248125 0.8692071033653845 0.9342247307692308 0.8734183221153846 0.9346277668269232 0.8679948557692309 0.9258677307692308 0.8645694014423077 0.9202647403846154 0.865557358173077
28 0.5984829663461538 0.8792858173076923 0.6032118149038461 0.8906860480769231 0.6117457115384616 0.8909017043269232 0.6207453365384615 0.8879767307692308 0.6284673701923077 0.8797334711538463 0.6375650625 0.877364673076923 0.6297584086538461 0.8754915240384615 0.6242261778846154 0.8730261802884616 0.6160245576923077 0.870840360576923 0.5995505576923077 0.8699220288461539 0.5996105576923078 0.87411690625 0.6094628076923077 0.8741001033653847 0.6132163389423076 0.8761144543269231 0.6045489927884615 0.8770692692307692 0.5984829663461538 0.8792858173076923
28 0.5175765552884616 0.7712112427884615 0.5231987860576923 0.7799689062499999 0.5208724326923077 0.7706300913461538 0.5175765552884616 0.7712112427884615
28 0.5709821586538462 0.8466681538461539 0.5701322259615385 0.8418479375 0.565321860576923 0.8415491899038462 0.5654472403846154 0.8461148533653847 0.5615221899038462 0.8489096730769231 0.5632328173076924 0.8509019302884616 0.5709821586538462 0.8466681538461539
28 0.38427833413461543 0.921070170673077 0.385659375 0.9231205408653846 0.3940678942307692 0.9187705384615386 0.39206575000000005 0.9131976995192308 0.3916080913461538 0.9106021947115385 0.39816715384615387 0.9092545 0.40515118269230765 0.9103169110576924 0.4053200096153846 0.9074197860576922 0.39398596394230767 0.9067420865384614 0.3858770336538461 0.9089365384615384 0.38013790384615387 0.913007014423077 0.3873534519230769 0.9134551322115385 0.3894236682692308 0.9174867115384615 0.38427833413461543 0.921070170673077
28 0.41869965625 0.9062075384615385 0.40940044230769235 0.9112880673076924 0.40791057451923074 0.9163296995192307 0.40925085576923076 0.9239308125 0.41262018028846154 0.9179843100961539 0.41338549278846154 0.912688122596154 0.41869965625 0.9062075384615385
28 0.029622009615384616 0.3185700360576923 0.03041732451923077 0.3153712860576923 0.01809182451923077 0.3167799759615385 0.014308290865384616 0.31266818749999997 0.017808375 0.3074632596153846 0.014057531250000001 0.3035368629807692 0.007264262019230769 0.3074108990384615 0.007449641826923077 0.31617143750000004 0.01297918028846154 0.3205488317307692 0.029622009615384616 0.3185700360576923
28 0 0.33009969471153844 0.004497216346153846 0.33026418750000003 0.00883916346153846 0.3356156105769231 0.01582319230769231 0.33667802403846153 0.018958312499999998 0.3332578605769231 0.01256807451923077 0.33170843028846153 0.013567596153846154 0.32388590384615384 0.005207908653846154 0.31694902884615384 0.00019602644230769229 0.3193620168269231 0.008623783653846154 0.32475763221153847 0 0.3265576490384615 0 0.33009969471153844
28 0.7332799543269231 0.46039570673076924 0.7447774495192309 0.462000375 0.7501408509615385 0.46736284615384616 0.7554196322115385 0.46260891105769236 0.7531859663461538 0.4576503677884615 0.7571490889423077 0.4512168485576923 0.7578163317307692 0.4453644831730769 0.7510011298076923 0.44140494471153846 0.7532809326923077 0.43698865625 0.7468526298076923 0.4390779230769231 0.7446082091346155 0.44176756009615387 0.7368615528846154 0.44408929086538457 0.7342548533653847 0.4466516514423077 0.7353689975961538 0.45104296875 0.7363850673076923 0.4548781057692307 0.73180084375 0.45778915625 0.7236619110576924 0.4578861706730769 0.721384798076923 0.4603904158653846 0.7332799543269231 0.46039570673076924
28 0.7801107692307692 0.5718025264423077 0.7857056899038461 0.576550704326923 0.7907148846153846 0.576049764423077 0.7900283990384616 0.5721565096153847 0.7865090721153846 0.5676158173076923 0.7884592884615385 0.5632576442307692 0.7844742379807692 0.5618575865384615 0.7817994687500001 0.5659612067307692 0.7807207043269231 0.5598432379807693 0.7862990721153846 0.55293375 0.7754553725961538 0.5550369447115384 0.7705361802884615 0.5618302019230769 0.7690790000000001 0.5670572259615384 0.771775701923077 0.5707871802884615 0.7801107692307692 0.5718025264423077
28 0.8285216634615384 0.5437683557692308 0.8286578052884616 0.5406858365384616 0.814161329326923 0.5394188100961539 0.8041210096153846 0.5325871201923077 0.8082802692307692 0.5272659591346154 0.8047882548076923 0.5267347548076923 0.800664375 0.5303292620192308 0.8002613389423078 0.5357527259615384 0.8117180769230768 0.5429081394230769 0.8285216634615384 0.5437683557692308
28 0.6425442572115384 0.5702530024038461 0.6413647355769231 0.5654909014423077 0.6305617932692308 0.5620433509615385 0.6265579134615386 0.5740276129807692 0.6382734807692307 0.5845782115384616 0.6546874831730769 0.5813016682692308 0.6495882884615385 0.5755102932692308 0.6425442572115384 0.5702530024038461
28 0.654167548076923 0.5995532716346154 0.6507762908653846 0.5976661971153846 0.6462139975961538 0.6084108245192308 0.6516481586538462 0.6103199903846154 0.65695425 0.6095755432692308 0.6642105576923077 0.6044729182692308 0.6672229807692307 0.594575045673077 0.6611896466346153 0.596976985576923 0.6594982620192307 0.6047303509615385 0.6532334062499999 0.6077465841346154 0.6507655336538462 0.6053143822115384 0.654167548076923 0.5995532716346154
28 0.4029417259615385 0.5836366682692308 0.3954400384615384 0.5757838774038462 0.38901173557692303 0.5778731466346154 0.39512969471153847 0.5855876129807692 0.38981553365384614 0.5920681995192308 0.3973606682692308 0.592458201923077 0.4029417259615385 0.5836366682692308
28 0.42682803365384614 0.46855374038461534 0.41975131490384615 0.4631110576923077 0.4163273701923077 0.4610385913461539 0.41190659375 0.4648766081730769 0.4060474639423077 0.46055733173076924 0.4010002019230769 0.4646969711538462 0.4062709134615385 0.4656791730769231 0.4174742043269231 0.4656153028846154 0.42148925240384616 0.4691127980769231 0.41203197355769233 0.4694422716346154 0.4058351875 0.4709172475961539 0.39723321875 0.47224284615384615 0.3898488461538462 0.4746918557692308 0.39416079326923076 0.4779458413461538 0.40029219711538466 0.47610008173076923 0.41442639663461533 0.4772398269230769 0.4176268942307692 0.4741904495192308 0.40922644471153846 0.47280431971153847 0.42362485096153846 0.4735151610576923 0.42682803365384614 0.46855374038461534
28 0.5054225769230769 0.15878418509615383 0.5045726418269231 0.15396396394230769 0.4883194014423077 0.16007951923076924 0.47724687019230766 0.1608849639423077 0.4755281730769231 0.16462884374999998 0.4676480721153846 0.16812104567307692 0.46948945673076925 0.170854875 0.48636918509615384 0.1644376971153846 0.5054225769230769 0.15878418509615383
28 0.1070134423076923 0.512711625 0.11954046153846153 0.5085912043269231 0.1211937764423077 0.5044765384615385 0.10570315865384615 0.5072079519230769 0.1070134423076923 0.512711625