38 0.25954459375 0.5893343197115384 0.2567532283653846 0.5970478701923077 0.24645171634615387 0.6025349639423078 0.229280125 0.6142891802884616 0.2390104855769231 0.6204953725961538 0.25584069711538465 0.6181300408653846 0.27619293749999996 0.6132500649038461 0.29593268028846154 0.6079512548076923 0.2747736394230769 0.5952726370192308 0.25954459375 0.5893343197115384
5 0.43935810096153843 0.5963776610576923 0.41214301201923076 0.5996975793269231 0.41154429567307693 0.6033161201923076 0.43933709134615384 0.60016746875 0.43935810096153843 0.5963776610576923
5 0.45347897115384617 0.6456418533653847 0.4475699903846154 0.6351117451923076 0.43562596875000004 0.6367903677884615 0.4404491274038461 0.6474730769230769 0.45347897115384617 0.6456418533653847
5 0.2752804086538462 0.6343322355769231 0.26917645192307693 0.6263540985576923 0.2617496778846154 0.6286601490384616 0.2665938461538462 0.6355530504807692 0.2752804086538462 0.6343322355769231
5 0.6109497932692307 0.6512810288461538 0.5921842644230769 0.6635117139423077 0.6023741658653846 0.6651091009615384 0.61730453125 0.653164954326923 0.6264716466346154 0.6435455240384615 0.6164557139423077 0.6431859735576922 0.6109497932692307 0.6512810288461538
5 0.6027286538461538 0.6794493221153846 0.5895530841346154 0.6684257283653847 0.5816877764423076 0.6715507788461538 0.5908890096153846 0.6818706466346154 0.6027286538461538 0.6794493221153846
5 0.653957858173077 0.6500333221153846 0.620367014423077 0.6552591201923076 0.6226568197115385 0.6597339903846154 0.654688516826923 0.6552322283653846 0.653957858173077 0.6500333221153846
5 0.7255614639423077 0.781345951923077 0.7148568918269231 0.7682078798076923 0.7045415985576924 0.7696576009615386 0.7140559711538461 0.7822055721153846 0.7255614639423077 0.781345951923077
5 0.8076032499999999 0.7781468076923077 0.8119399783653846 0.7656718461538462 0.8026757115384615 0.7667213966346154 0.7969052331730769 0.7768732908653846 0.8076032499999999 0.7781468076923077
5 0.7157623894230769 0.5461710120192308 0.6862016899038461 0.5485583004807693 0.6835009230769231 0.5529771778846154 0.7154072283653845 0.5515225216346153 0.7157623894230769 0.5461710120192308
5 0.11245797115384616 0.6024322908653846 0.13446650480769232 0.6053981586538462 0.14273554567307692 0.6012065360576924 0.11631414663461538 0.5983559423076923 0.11245797115384616 0.6024322908653846