41 0.501899 0.8743193725961539 0.8139863461538461 0.8261108870192307 0.8089756971153845 0.8177287115384615 0.4968883509615385 0.8659371995192308 0.501899 0.8743193725961539
37 0.46662773076923075 0.9732251177884615 0.5094091995192308 0.9585737692307692 0.49528286057692306 0.9497244687499999 0.4775968725961538 0.9498294807692308 0.467648514423077 0.9635129903846154 0.46662773076923075 0.9732251177884615
56 0.6656210576923077 0.6494786298076923 0.6435237932692307 0.6604123269230769 0.6338423629807692 0.7462966057692307 0.6574606370192307 0.7644900528846155 0.6645011274038463 0.678819170673077 0.6792239038461538 0.6882221298076924 0.703655875 0.6799886754807692 0.6656210576923077 0.6494786298076923
5 0.6657188341346154 0.7295171538461538 0.6822571225961538 0.6905048197115384 0.6686601442307692 0.6890757187500001 0.6657188341346154 0.7295171538461538
28 0.5890512067307692 0.5496192668269231 0.5569385072115385 0.5811030168269231 0.5461866274038462 0.57751809375 0.5521990913461539 0.5639118750000001 0.5402222668269231 0.5719815072115385 0.5434786129807693 0.5845980336538461 0.5596654903846153 0.58629934375 0.6053241298076923 0.5567303004807692 0.6026992235576923 0.5505627620192308 0.5890512067307692 0.5496192668269231
32 0.53537628125 0.41878024278846154 0.5395644350961539 0.3976177163461539 0.5269182331730768 0.3746858317307692 0.50037175 0.3718956826923077 0.49137710336538465 0.38273360817307694 0.4849023533653846 0.38205308413461536 0.4777830576923077 0.3999617091346154 0.48966073798076926 0.41152049038461536 0.53537628125 0.41878024278846154
57 0.38757847596153844 0.49211178846153847 0.38151204086538465 0.4875464134615385 0.3549145168269231 0.48524187259615387 0.34710687980769234 0.4598727139423077 0.33036873557692303 0.41981773798076927 0.29433031971153845 0.4076834447115385 0.29307037259615387 0.4134426682692308 0.30690651201923075 0.41882467307692306 0.28988696875 0.43127400000000005 0.32601729567307697 0.48613241826923076 0.36100285576923075 0.5207407115384616 0.3814639326923077 0.5066892211538462 0.41661571394230773 0.5148025576923076 0.4347901947115385 0.47890801923076926 0.38757847596153844 0.49211178846153847
56 0.18502375240384616 0.4884973798076923 0.1496167764423077 0.48281207211538457 0.1250287548076923 0.4738451466346154 0.11139970192307692 0.48517791826923073 0.1214049639423077 0.5083231995192308 0.13580253605769232 0.5083635336538461 0.15541491346153846 0.5148436153846154 0.16713654086538463 0.509202016826923 0.16481787259615382 0.5001208389423076 0.18502375240384616 0.4884973798076923
5 0.23934596634615385 0.4014133846153846 0.19664174278846153 0.36550285576923075 0.18211002163461537 0.3791956081730769 0.22672166826923076 0.40941496394230764 0.23934596634615385 0.4014133846153846
28 0.3539138846153846 0.18957225480769233 0.3608640264423077 0.17950138701923077 0.3775452644230769 0.1827275673076923 0.39216302884615384 0.1744445408653846 0.3881571298076923 0.16273117307692309 0.37950079086538463 0.1578935889423077 0.35776080048076925 0.16542804086538462 0.34735015625000004 0.16482481009615385 0.33711160096153847 0.17504102403846153 0.3176873461538462 0.17299945192307692 0.3240950216346154 0.18054651682692308 0.3268220048076923 0.18574284375 0.3399085913461538 0.19202800721153845 0.3539138846153846 0.18957225480769233
56 0.7303830552884616 0.5315787980769231 0.7139059735576924 0.5264101899038461 0.6972247379807693 0.5231840096153846 0.6968484951923077 0.5143069903846154 0.6888235961538461 0.5159183918269231 0.6784639927884615 0.5148295552884615 0.6742918725961539 0.5296111442307693 0.6870882596153846 0.5324290096153846 0.7060531610576923 0.5388410384615384 0.7279652379807692 0.5421260336538462 0.7303830552884616 0.5315787980769231
5 0.6675214302884616 0.9241310673076922 0.6636686514423077 0.9109608822115385 0.6320284086538461 0.9130360384615385 0.6343820817307692 0.9280125432692308 0.6675214302884616 0.9241310673076922
56 0.5831511778846153 0.7365500096153846 0.5929814206730769 0.7302186490384616 0.5895048822115384 0.7259254831730769 0.5225976778846154 0.7458966490384615 0.526313375 0.7541427163461538 0.5831511778846153 0.7365500096153846
56 0.18204999759615384 0.10571854086538461 0.18353013701923077 0.09163595432692308 0.16872425000000002 0.0954804735576923 0.17003816826923077 0.10789284375 0.18204999759615384 0.10571854086538461