34 0.5137209495192308 0.32471569951923074 0.5239764302884615 0.33307523076923073 0.5387352524038461 0.34150554326923077 0.5564298028846154 0.3513159639423077 0.5682047884615384 0.35744831009615385 0.5755476538461538 0.3570634879807692 0.5855376298076923 0.352551625 0.5962633076923077 0.34646724038461535 0.6044291274038461 0.33836946634615384 0.6147699807692308 0.32494221875 0.6145775697115384 0.3212707860576923 0.6103859615384615 0.3193429086538462 0.5591604134615384 0.3097558052884616 0.5339555745192308 0.304940875 0.5306760456730769 0.3048059543269231 0.5235095600961539 0.30855625721153845 0.5184308605769231 0.31311752403846155 0.5134804350961539 0.3201264086538461 0.5137209495192308 0.32471569951923074
28 0.39078393509615383 0.8981120168269231 0.3955919254807692 0.9039959014423077 0.40408738461538457 0.9099933245192309 0.41175093749999997 0.9157275552884615 0.4141985576923077 0.91559928125 0.42486197596153846 0.9239374302884615 0.4315974110576923 0.9275727524038462 0.4405809759615385 0.9350785600961539 0.44568466586538463 0.9387993966346154 0.4530435649038462 0.9387205264423077 0.4538273701923077 0.9380658629807692 0.4572031057692308 0.9400364975961538 0.46602632932692306 0.94448278125 0.4653778774038461 0.9399148701923077 0.4111326778846154 0.8961252043269231 0.4025891177884615 0.889209920673077 0.39725386778846156 0.8888759423076924 0.3974142115384615 0.8919354711538462 0.3957984975961538 0.8923269399038462 0.39305518028846154 0.8946182620192308 0.3906235913461539 0.8950524879807692 0.39078393509615383 0.8981120168269231
28 0.4256726442307693 0.9472112139423078 0.44416703365384613 0.9566729254807692 0.4499493677884615 0.9499272331730769 0.44114217788461535 0.9457869038461539 0.42484781490384615 0.9392778221153846 0.41555251682692307 0.933629110576923 0.40757015625 0.9374221682692307 0.40572288461538464 0.9412004975961538 0.4095065576923077 0.9431497548076924 0.4177615 0.944557889423077 0.4256726442307693 0.9472112139423078
56 0.6145103413461539 0.6946413870192308 0.614677764423077 0.69003071875 0.6092142427884615 0.6872491201923077 0.6013993028846154 0.6864315120192307 0.5947921418269231 0.6852438125 0.5885216995192308 0.6904811225961538 0.5891220504807693 0.6941311730769232 0.6014172139423077 0.7023838100961538 0.6121678822115384 0.7045815288461538 0.6145353317307692 0.7029234903846154 0.6145103413461539 0.6946413870192308
5 0.5846035192307693 0.8342655865384615 0.5802034663461538 0.8283603245192308 0.5585596947115385 0.8368576586538462 0.5596321177884616 0.8417101442307692 0.5638076923076923 0.8433320697115385 0.5846035192307693 0.8342655865384615
5 0.6362846850961539 0.77449359375 0.64204578125 0.7907584903846154 0.64534134375 0.7911993629807692 0.6502686538461538 0.7915547211538462 0.6509883245192308 0.7896762451923076 0.6451310216346153 0.7715756322115385 0.6362846850961539 0.77449359375
5 0.8848263221153847 0.6620671466346154 0.8671798749999999 0.6531745841346154 0.8617253076923077 0.6583691346153846 0.8801876298076923 0.6672189399038462 0.8848263221153847 0.6620671466346154
5 0.95580359375 0.6270545 0.9368960649038461 0.6409307091346155 0.9444954759615385 0.6454411274038462 0.9634030072115384 0.6315649206730769 0.95580359375 0.6270545
5 0.11409168990384615 0.5202245985576923 0.09766385096153847 0.5345844350961538 0.1019035625 0.5374301730769231 0.11911520913461539 0.5224156706730769 0.11409168990384615 0.5202245985576923
5 0.023479721153846153 0.5084065480769231 0.003339423076923077 0.5143707451923076 0.005227721153846154 0.51918046875 0.02536801682692308 0.5132162740384616 0.023479721153846153 0.5084065480769231
5 0.23755849759615386 0.36281182211538465 0.23845641826923075 0.37994517307692305 0.24579928365384618 0.37956034855769233 0.24323754567307693 0.3619006105769231 0.23755849759615386 0.36281182211538465