7 0.4978302019230769 0.2932189903846154 0.4126374110576923 0.20928206971153845 0.3942450793269231 0.20607584615384616 0.26459758894230767 0.4402302956730769 0.22384913701923076 0.5131711923076924 0.20246362259615386 0.5482337644230769 0.24089588221153846 0.5398361009615384 0.24365569711538462 0.5362119350961538 0.37312731730769233 0.6827442427884616 0.38417827403846155 0.6823583341346153 0.4136540985576923 0.6585587379807692 0.5107153846153847 0.4900045649038462 0.5724807331730769 0.38522105048076927 0.4978302019230769 0.2932189903846154
11 0.2297389158653846 0.5440742091346153 0.21421876923076924 0.5542374302884615 0.21324765144230767 0.5815315384615385 0.25103267067307694 0.5959267596153845 0.26202769711538465 0.5939392620192308 0.2736145480769231 0.5813477283653846 0.2744801682692308 0.5716962548076923 0.2514386538461538 0.5455613942307692 0.2297389158653846 0.5440742091346153
11 0.2738845360576923 0.6304066538461538 0.27322991586538464 0.6047728581730769 0.2712462331730769 0.5961830096153846 0.26322888942307693 0.5938973149038461 0.25175338461538466 0.5959015913461538 0.23825530288461538 0.5950901201923077 0.22891729567307692 0.6858559182692308 0.23969496634615384 0.6983078822115385 0.2563385168269231 0.6996509278846154 0.2692890048076923 0.6985572692307692 0.2757301826923077 0.6832590528846154 0.2738845360576923 0.6304066538461538
11 0.29627676923076923 0.6241726610576923 0.2906389230769231 0.6073720048076923 0.2885098269230769 0.5946180264423077 0.28603448076923077 0.5857246370192308 0.2732683004807692 0.5852083173076923 0.27462609134615384 0.5896508173076923 0.2748780264423077 0.6037531802884616 0.27419239903846154 0.6461106057692307 0.27610413942307693 0.6733040408653845 0.28292080528846153 0.6894221153846154 0.30337460817307693 0.6896699759615385 0.3176211129807692 0.6843618557692307 0.31950361298076924 0.6762784134615385 0.29627676923076923 0.6241726610576923
11 0.35540511057692303 0.6711762067307692 0.3538347908653846 0.6606476730769231 0.30057766346153847 0.5958001490384615 0.28987880288461537 0.59938084375 0.2904210552884615 0.6080210288461538 0.29779649759615384 0.6263645480769231 0.3222692764423077 0.6797096225961539 0.3291413605769231 0.6836388509615384 0.34392426923076924 0.6799155384615384 0.35540511057692303 0.6711762067307692
11 0.27773089903846154 0.6992245961538461 0.21302852884615384 0.6992390961538462 0.20487746394230769 0.7069000240384615 0.20436496153846154 0.7473271514423078 0.21008644471153845 0.7596349735576923 0.27290046875 0.7606485432692308 0.2868508052884616 0.7537472211538462 0.2874133894230769 0.7078663052884615 0.27773089903846154 0.6992245961538461
11 0.2435550673076923 0.8363983125 0.25155282692307696 0.7623561442307693 0.20720358653846155 0.7597356442307692 0.1993677644230769 0.8315272043269231 0.20518992067307693 0.8467178846153847 0.21379959855769232 0.8521899759615384 0.22564956971153846 0.8540211201923077 0.2359238846153846 0.8520587932692307 0.2435550673076923 0.8363983125
11 0.3188711298076923 0.7959246538461537 0.3177754375 0.7783239663461539 0.31300956730769236 0.7727176466346154 0.3052937259615385 0.76529009375 0.29265592788461536 0.7615622067307692 0.2843370769230769 0.7644183725961539 0.27712459375000004 0.7714051105769231 0.25670156250000004 0.8478054326923077 0.25652310096153846 0.8564707836538462 0.2651721850961538 0.8699592043269231 0.27961469471153844 0.8771518557692308 0.29517424759615385 0.8750049639423078 0.3188711298076923 0.7959246538461537
11 0.35768142788461543 0.8878954495192308 0.3988101971153846 0.8258453533653847 0.4037934206730769 0.8170122139423076 0.40230674038461534 0.8019908461538462 0.3956243028846154 0.7897165817307693 0.38642229086538465 0.78105809375 0.3778909110576923 0.7778282259615386 0.36858873557692307 0.7800773149038461 0.32892376923076927 0.8427177091346153 0.32679569230769234 0.8575446009615385 0.33081313701923076 0.8692705120192308 0.33335559615384613 0.8800858052884616 0.34684833894230765 0.8876323317307692 0.35768142788461543 0.8878954495192308
11 0.30543074278846155 0.6934466730769231 0.29554208173076923 0.6995647403846154 0.2881399519230769 0.7148965144230769 0.2894540192307692 0.745638610576923 0.34343084134615387 0.7828800961538461 0.35268827403846154 0.7793497379807692 0.3622136514423077 0.7697165673076923 0.3706715576923077 0.75017871875 0.36270378365384615 0.7286488052884615 0.30543074278846155 0.6934466730769231
11 0.4123270769230769 0.7307644206730769 0.4179916105769231 0.7138897836538463 0.41667805288461535 0.6969381201923077 0.4118226995192308 0.6887692596153846 0.3912288197115385 0.6776222115384616 0.38323969230769234 0.6830325288461538 0.37290945192307695 0.6833932692307693 0.3531252620192307 0.6609931586538462 0.35540511057692303 0.6711762067307692 0.34490759375 0.6805226153846153 0.3346556514423077 0.6831255793269231 0.33300220432692307 0.6908803149038462 0.33299152884615385 0.7043504302884614 0.34132207451923074 0.7156050168269231 0.3951087379807693 0.7474011057692308 0.4041706754807692 0.74516040625 0.4123270769230769 0.7307644206730769
11 0.4918087860576923 0.6304935673076923 0.5211333461538461 0.5954744639423077 0.5225689278846154 0.5883687524038461 0.5270269326923077 0.5782711201923078 0.5209869110576923 0.5637294663461538 0.5086783245192308 0.5487652980769231 0.4988674543269231 0.5433351538461538 0.48943689903846155 0.5487958076923077 0.47981135817307696 0.5693365552884615 0.4473807355769231 0.6118404134615385 0.44704033653846154 0.6227563798076924 0.45146580528846153 0.6392786634615385 0.4630089326923077 0.6529867307692307 0.47864144951923077 0.6598171177884615 0.4918087860576923 0.6304935673076923
11 0.555814108173077 0.8171555745192307 0.5377985216346154 0.728307110576923 0.5296634711538462 0.7157628629807693 0.4947064014423077 0.7272462524038462 0.4924499447115384 0.7452847091346153 0.5109012644230769 0.832835125 0.5163990336538462 0.8387365961538461 0.5355062307692308 0.8348622740384616 0.55157396875 0.8266041802884616 0.555814108173077 0.8171555745192307
11 0.6121396177884615 0.4601646826923077 0.6253804278846153 0.45360884615384617 0.6326653629807691 0.44180895432692313 0.6336258052884615 0.4279849639423077 0.6302678076923077 0.42136735576923073 0.6217364278846154 0.4181374879807693 0.6159526586538462 0.38338226923076923 0.6097837451923077 0.35826174759615387 0.6032632475961539 0.3437368701923077 0.5970000192307693 0.33657930048076923 0.5824014206730769 0.3386926346153846 0.5685629399038462 0.3487971298076923 0.56233378125 0.3563909447115385 0.5637197908653846 0.36852945673076926 0.5726538581730769 0.38329075480769226 0.5840856394230769 0.40758608173076927 0.5870536658653847 0.44436387499999996 0.5963899086538461 0.45686617548076924 0.6011445913461538 0.4621521754807692 0.6121396177884615 0.4601646826923077
11 0.6669779759615384 0.3774312211538462 0.6790506418269231 0.3580878509615385 0.6971910360576923 0.3471917115384615 0.7018333533653845 0.3354841033653846 0.7045372379807693 0.33025835096153844 0.699184375 0.31473057692307693 0.6995135889423078 0.3034942932692308 0.6971836586538462 0.29876503365384616 0.6918984182692308 0.2989495985576923 0.6845735673076923 0.28894272355769235 0.6750141201923078 0.2838245096153846 0.6219507235576922 0.3209554230769231 0.6073531442307692 0.3506496298076923 0.6107894399038462 0.3595094591346154 0.6166898966346154 0.37694236057692304 0.6287135024038462 0.39063364903846154 0.6450108028846154 0.39583728125 0.6669779759615384 0.3774312211538462
11 0.8980591610576922 0.5200945360576923 0.9082686346153845 0.42673263942307693 0.9064468918269231 0.41589217548076923 0.9065582379807692 0.40530491826923076 0.8954343197115384 0.39671354567307693 0.8784834182692307 0.3934569855769231 0.8597448389423078 0.3941113509615385 0.8517002956730769 0.4117105144230769 0.8417422451923078 0.5053843389423076 0.8455865649038461 0.5190405456730769 0.8594202187500001 0.5294615432692308 0.8768627836538462 0.5330216394230769 0.8871594663461538 0.5316999471153846 0.8980591610576922 0.5200945360576923
44 0.6957310432692307 0.29849505288461536 0.6858871274038462 0.3058943894230769 0.685501983173077 0.3155290841346154 0.6890442908653847 0.3205367139423077 0.6977205745192308 0.3141402764423077 0.6998209399038462 0.30540781009615386 0.6957310432692307 0.29849505288461536
44 0.5072709639423076 0.5635670216346154 0.5119473461538462 0.5666108004807693 0.5137685793269231 0.5636608293269231 0.5070696201923077 0.5578013052884615 0.503454860576923 0.557606826923077 0.5072709639423076 0.5635670216346154
44 0.30186378846153844 0.7772760697115384 0.3063052716346154 0.7735931802884616 0.30166778365384617 0.7647752956730769 0.295438625 0.7723691129807692 0.30186378846153844 0.7772760697115384
44 0.6241850841346154 0.4607061706730769 0.6225758701923076 0.45595174278846157 0.6141286370192307 0.4620194735576923 0.6192631249999999 0.4644058365384615 0.6241850841346154 0.4607061706730769