56 0.25444781971153846 0.13367149759615385 0.20251866826923076 0.1483139375 0.20139577403846154 0.15737225721153847 0.21238428125 0.15422486057692308 0.22322407692307691 0.1602039014423077 0.25431959134615384 0.1565046298076923 0.25444781971153846 0.13367149759615385
10 0.5927860769230769 0.21606724278846154 0.5877005528846154 0.2117958389423077 0.5652364471153846 0.21805657451923077 0.5616780961538461 0.2269445889423077 0.5620618918269231 0.23545563701923078 0.5892936201923077 0.2380124951923077 0.5932028221153847 0.23110690625 0.5927860769230769 0.21606724278846154
6 0.35298019711538464 0.5445404158653846 0.36982627163461534 0.534623673076923 0.3766455576923077 0.5351005240384615 0.3798530600961539 0.5242300817307692 0.37476753605769236 0.5199586778846154 0.36159557692307687 0.50533234375 0.34711906490384614 0.5023621538461538 0.3264011875 0.49765025961538456 0.3154251490384615 0.4936195817307692 0.29776606490384616 0.4871636899038462 0.2864926057692308 0.5013858942307692 0.2854934903846154 0.5156739230769231 0.2861827211538462 0.5268168509615385 0.31323279086538464 0.5319715336538462 0.35298019711538464 0.5445404158653846
56 0.07341528846153846 0.07663353125 0.07693624038461538 0.08927973557692306 0.07636633653846153 0.11142935576923077 0.09596577163461538 0.09713672596153847 0.09106190384615384 0.09026749759615385 0.08387128846153846 0.07410152644230769 0.07341528846153846 0.07663353125
6 0.43834236298076923 0.4297727019230769 0.43175014903846154 0.42604857211538466 0.4238204375 0.42745196875 0.41584531009615383 0.4295048173076923 0.3978104471153846 0.4354226442307692 0.392369625 0.4572316538461539 0.4007614951923077 0.47021846634615383 0.4177188798076923 0.4727095048076923 0.4370458293269231 0.46231361298076923 0.43623281971153843 0.4459409759615385 0.43834236298076923 0.4297727019230769
10 0.41283193269230767 0.43059936538461535 0.40584345432692304 0.42554226201923073 0.39321201442307696 0.4311853028846154 0.37209342548076924 0.45320327884615386 0.39101965865384614 0.46953725 0.4016902644230769 0.4709360456730769 0.39241503846153847 0.4565821971153846 0.39771961778846154 0.4367215528846154 0.41283193269230767 0.43059936538461535
56 0.5714689326923077 0.6329133557692308 0.5707921682692307 0.6145923533653846 0.5397420697115385 0.6176421706730769 0.54074475 0.65230175 0.5714689326923077 0.6329133557692308
6 0.9231572451923077 0.6783900072115384 0.9339186778846155 0.678489889423077 0.9717631322115385 0.6902730697115385 0.9868300288461539 0.6848003365384615 0.9899386899038463 0.6543440360576922 0.9849235120192308 0.6350670288461538 0.9606143365384615 0.6327145336538462 0.9232192548076923 0.6190048822115385 0.9210485865384614 0.6175478293269231 0.9207944182692308 0.6181826874999999 0.9183695841346153 0.6173604951923076 0.9185182019230769 0.6159351009615384 0.9159447451923076 0.6165383052884615 0.9159878197115384 0.6143223677884616 0.9134574350961538 0.6127096370192308 0.9135199086538462 0.6157161105769231 0.9110950721153847 0.6148939182692308 0.9109270504807692 0.6110969086538461 0.9083966658653846 0.6094841754807692 0.9086702355769231 0.6140717259615385 0.9062453966346153 0.61324953125 0.9048961947115385 0.6105446610576923 0.9038205600961539 0.6124273413461538 0.9013957235576923 0.6116051490384615 0.89335025 0.6286636033653846 0.8917732139423078 0.6442164807692308 0.902100985576923 0.6645176129807692 0.9157395576923076 0.6654713149038461 0.9180148557692308 0.6449326778846154 0.9302575961538462 0.6468482403846154 0.9231572451923077 0.6783900072115384
42 0.40703907932692307 0.5531065432692308 0.40585296153846157 0.5560692163461538 0.41375091346153847 0.5644530721153846 0.41625197115384616 0.5636852716346155 0.4163019567307692 0.56437040625 0.41875302884615384 0.5629174759615384 0.41885300000000003 0.5642877379807693 0.4212540865384616 0.5621496754807692 0.42140404326923075 0.5642050745192309 0.4237551442307692 0.5613818774038462 0.42395508653846153 0.5641224086538462 0.4265061298076923 0.5640397403846154 0.4262562019230769 0.5606140769230769 0.4312583173076923 0.5590784807692308 0.4386834254807692 0.5648912596153847 0.4640121995192308 0.5666624206730769 0.46606386298076924 0.5583216778846154 0.4362604326923077 0.5575428822115385 0.43375937500000006 0.5583106802884615 0.4019039855769231 0.5518772884615385 0.4038784735576923 0.5539732524038462 0.40447153124999996 0.5524919182692307 0.40703907932692307 0.5531065432692308
56 0.4997898221153846 0.11101696153846154 0.5243260721153846 0.11012217788461538 0.5480368461538462 0.10003283173076924 0.5005164519230769 0.10062567067307691 0.4997898221153846 0.11101696153846154
56 0.8737009278846154 0.3146791274038462 0.8677320504807693 0.30904068990384614 0.8405332692307692 0.31301244951923074 0.8501593461538461 0.32934872355769235 0.8578495192307692 0.3383706826923077 0.8839378725961539 0.3362791706730769 0.8866128701923077 0.3260241201923077 0.8737009278846154 0.3146791274038462