4 0.4831422451923077 0.7861231995192307 0.4820745673076923 0.7867502235576923 0.47985245913461544 0.7959781706730769 0.4870137788461539 0.7983403293269231 0.4942610721153846 0.7965346105769231 0.49489738221153845 0.7951777259615385 0.49607289663461535 0.7960831802884616 0.4971492716346154 0.7953542475961538 0.4998861971153846 0.8040961802884615 0.4956834927884615 0.8035134591346154 0.49652815384615384 0.8046670504807693 0.4950892451923077 0.8046974855769231 0.47904465384615386 0.8366662572115384 0.4995436418269231 0.8499100216346154 0.5104429038461539 0.8378150576923077 0.5037960865384615 0.8165846538461538 0.5049747884615384 0.8162029639423077 0.5083534399038462 0.8208173293269231 0.5684392956730769 0.7484660024038461 0.5669632572115385 0.7478459399038461 0.5685932427884615 0.7471081081730768 0.5690550913461538 0.7430344350961539 0.5431830072115384 0.71858140625 0.5539394855769231 0.7092108798076923 0.5185425168269231 0.6832652499999999 0.5068861923076923 0.690850125 0.4884724519230769 0.6757287932692309 0.47530200961538466 0.6742934903846154 0.4788796322115385 0.7008067475961539 0.4736401370192308 0.7034296466346154 0.4573971875 0.6810541826923077 0.4471599134615385 0.6805176706730769 0.4300236153846154 0.7042068629807693 0.3550112716346154 0.6874288413461538 0.2891825120192308 0.636723485576923 0.30226513221153845 0.6145603413461539 0.3049864086538462 0.6005466514423077 0.3012774639423077 0.5891762451923077 0.2861069014423077 0.5816755721153846 0.27183466105769233 0.5886266370192308 0.25997790625 0.5937174447115384 0.25157925961538463 0.5960092091346154 0.24461112259615386 0.602598 0.2187489783653846 0.6032294711538462 0.21325754326923077 0.6069153774038462 0.2518919591346154 0.6342724567307693 0.2654617524038462 0.6533619807692308 0.35618678365384615 0.6883342932692307 0.48239201201923076 0.7854319447115384 0.4831422451923077 0.7861231995192307
4 0.22760345192307693 0.5796029591346155 0.22433431250000002 0.57247765625 0.23215037259615384 0.5686652235576923 0.23261192548076923 0.5535396802884616 0.22536126442307694 0.5402451658653846 0.19429172836538464 0.5517797620192307 0.17631627884615383 0.553569625 0.18056887019230772 0.5672037331730769 0.18628518028846155 0.5781826298076923 0.19604943990384616 0.5814262692307692 0.22182071874999998 0.58252853125 0.22760345192307693 0.5796029591346155
4 0.2097765096153846 0.58487759375 0.21953925 0.6007873245192308 0.24369830048076924 0.6010600216346154 0.24724726682692305 0.5965272475961538 0.23236226923076925 0.5835777019230769 0.2097765096153846 0.58487759375
4 0.2816890961538462 0.7038836682692308 0.2792144423076923 0.7131915144230769 0.28759859134615384 0.723813514423077 0.2955501826923077 0.7237335264423077 0.3005888341346154 0.7160501923076924 0.32285312259615384 0.6956100216346154 0.33680237500000004 0.682184764423077 0.3327746610576923 0.6832154615384615 0.3222590721153846 0.6816709399038461 0.29003734134615383 0.6899165192307692 0.29034734615384616 0.6966383822115384 0.2816890961538462 0.7038836682692308
4 0.2047127355769231 0.6941373149038461 0.19573723076923077 0.7011176153846154 0.2018429471153846 0.7046662331730769 0.21871087259615385 0.70505353125 0.22667544471153847 0.7047258677884615 0.23973058653846155 0.6957241634615384 0.2047127355769231 0.6941373149038461
4 0.2888778942307692 0.6930843870192308 0.2613718293269231 0.6871724423076924 0.26568207211538464 0.706025048076923 0.27654660576923074 0.7135484110576923 0.2747728798076923 0.7094817524038461 0.2882361370192308 0.6990113004807692 0.2888778942307692 0.6930843870192308
4 0.3369781754807692 0.9442098076923077 0.3259868774038462 0.9138310288461539 0.3178363701923077 0.8987508629807692 0.3075341971153846 0.8994527307692307 0.29486693990384616 0.9136902403846154 0.28008847355769234 0.930300670673077 0.3075166610576923 0.937698670673077 0.3369781754807692 0.9442098076923077
4 0.36072641346153844 0.9144098701923077 0.36112879807692305 0.9067319134615384 0.35207271875 0.883656889423077 0.33924548798076926 0.8819912163461539 0.3328282475961538 0.8843868221153847 0.3333054759615385 0.9005549879807693 0.33240984615384617 0.9176446322115385 0.36072641346153844 0.9144098701923077
4 0.30709438701923075 0.8952076225961538 0.33020929326923076 0.9090851923076924 0.33137750721153847 0.8867943557692308 0.3217747427884615 0.8867878076923077 0.30709438701923075 0.8952076225961538
4 0.7578786730769231 0.7479631346153847 0.758922814903846 0.734358264423077 0.7527724278846153 0.7253434663461539 0.7441057524038462 0.6948381610576924 0.7437453437499999 0.6764409110576923 0.7343243004807692 0.6729669014423076 0.7220666778846153 0.6730695745192308 0.7165939543269231 0.6827170120192307 0.6989934086538461 0.6899903605769231 0.7097972524038462 0.7176273966346154 0.7233166442307692 0.7250415360576923 0.7366413317307692 0.7361708149038461 0.7578786730769231 0.7479631346153847
4 0.7605999471153846 0.7339494471153846 0.7635938076923078 0.7147345625000001 0.7650460649038462 0.6996609399038461 0.7705058124999999 0.6902611802884615 0.7707986225961538 0.6783554278846153 0.7539047355769231 0.6784634807692308 0.746678514423077 0.677339701923077 0.7445932668269231 0.6792172692307693 0.7461593076923076 0.6872467403846154 0.7492841442307692 0.7097625697115385 0.7534199158653846 0.7256257572115385 0.7605999471153846 0.7339494471153846
4 0.7698468605769231 0.6775604783653846 0.7680502115384615 0.6486569975961539 0.7510929399038461 0.6373373437500001 0.7434066826923077 0.638673016826923 0.7446482235576923 0.6528943870192307 0.7526502187499999 0.6644897836538461 0.7609305240384615 0.6770931923076924 0.7698468605769231 0.6775604783653846
4 0.7451052235576923 0.6757671129807693 0.7546041466346154 0.6777550649038461 0.7570326105769231 0.6756471322115385 0.7460917139423077 0.6569437379807692 0.7451052235576923 0.6757671129807693
4 0.7417684903846153 0.6383388052884615 0.7148736682692308 0.6649935625 0.7214451514423076 0.6722919326923077 0.7373223725961539 0.6726273100961537 0.7445356129807692 0.6739987644230769 0.7417684903846153 0.6383388052884615
4 0.7236590240384615 0.6237301346153846 0.7221678245192307 0.6395467860576923 0.7077455552884615 0.6556791706730769 0.7132484543269231 0.6644116754807693 0.7419631923076923 0.6346236658653847 0.7236590240384615 0.6237301346153846
4 0.6662489423076923 0.5755205649038462 0.6660397427884616 0.5921494711538462 0.6521179663461538 0.5924132860576923 0.6493562331730769 0.6198360913461538 0.6584210793269231 0.6237881466346155 0.6572024639423077 0.6344035985576923 0.6631119591346154 0.6543334471153847 0.6800707475961538 0.6529870144230769 0.696945923076923 0.6469174302884616 0.7093650360576922 0.6500518485576923 0.7163881298076924 0.6171401778846154 0.7089744567307693 0.6132746586538461 0.7070651971153846 0.6054755528846154 0.6977292860576922 0.5940586033653846 0.6876550240384615 0.5840930961538462 0.6784286826923077 0.5769039471153846 0.6662489423076923 0.5755205649038462
4 0.6781050144230769 0.6841768798076924 0.68930703125 0.6852606634615385 0.7083583149038462 0.67557978125 0.7002078100961538 0.6604996129807692 0.6732583701923077 0.6566036899038461 0.6535091947115385 0.6543268990384615 0.6494425360576923 0.656100625 0.6479383581730769 0.6721649495192307 0.6781050144230769 0.6841768798076924
4 0.6694337836538462 0.6916698389423076 0.6697453076923078 0.6857256129807693 0.6611924158653846 0.6783234038461539 0.6483002836538462 0.677896110576923 0.6437850528846153 0.6945477019230769 0.6487385721153847 0.6948073028846153 0.6484919495192307 0.6995131490384616 0.6674638365384615 0.7039844086538461 0.6706436298076923 0.7001773557692308 0.6694337836538462 0.6916698389423076
4 0.6971807427884615 0.6866667331730769 0.6943514110576923 0.6837865360576922 0.6842756322115384 0.6864871153846154 0.6737600432692308 0.68494259375 0.6730533846153846 0.692107891826923 0.6851033221153846 0.69596803125 0.6971807427884615 0.6866667331730769
4 0.6424583846153846 0.6882692668269231 0.6467010336538461 0.6768188725961538 0.647045766826923 0.6639224134615385 0.6445367259615384 0.6359750240384615 0.6339505048076923 0.6294596730769231 0.6270358076923077 0.622391670673077 0.6140341057692308 0.617736579326923 0.6076630552884615 0.6129322764423077 0.5923222307692307 0.6213174783653846 0.6069621274038461 0.6263067788461538 0.5995728942307692 0.6346119927884615 0.6102686875 0.6453551418269231 0.6168012307692308 0.6533965432692308 0.5993247548076923 0.6519839254807693 0.5954455504807693 0.6564993942307692 0.5961117499999999 0.6627432139423076 0.5929319567307693 0.6665502692307693 0.5926983125 0.6710084350961538 0.5972696778846154 0.6722414350961539 0.596576 0.6791590552884615 0.5967951418269231 0.6876146514423076 0.5990865552884616 0.694440360576923 0.6096410865384615 0.6952418533653847 0.6213550600961538 0.6928754831730769 0.6424583846153846 0.6882692668269231
4 0.624795139423077 0.5703677884615385 0.6259343557692307 0.5739044783653846 0.6234799326923077 0.5765077668269231 0.6385726153846154 0.5854944975961538 0.6488575961538461 0.5661650120192308 0.6434512908653847 0.5619079783653846 0.6363735817307692 0.5642689711538462 0.6332010384615384 0.5616191442307692 0.624795139423077 0.5703677884615385
4 0.6291183653846153 0.5889727211538461 0.6208739591346154 0.6009584615384616 0.61506375 0.6170454735576923 0.628156314903846 0.6199668317307693 0.6349327860576923 0.5917610048076922 0.6291183653846153 0.5889727211538461
4 0.6094123389423077 0.6048281971153846 0.6144784663461539 0.583983420673077 0.6081723197115385 0.5779407379807693 0.6022914759615385 0.5890569206730769 0.6017722692307692 0.5989639591346154 0.5961769927884615 0.6046312740384615 0.6094123389423077 0.6048281971153846
4 0.6138454759615384 0.5707873653846154 0.6078623125 0.5712188701923077 0.5957459543269231 0.5812631971153845 0.6010224591346154 0.5879969903846154 0.6094932572115385 0.5780099639423077 0.6162205024038462 0.5823362235576923 0.6176135889423077 0.5747101875 0.6138454759615384 0.5707873653846154
4 0.5739341081730769 0.6625743557692307 0.5839476850961538 0.6926535384615384 0.5917637427884616 0.6888411057692309 0.5853090793269231 0.6793136514423076 0.5837315769230769 0.658865764423077 0.5739341081730769 0.6625743557692307
4 0.17825825240384616 0.39646190144230775 0.21837088701923074 0.40825000961538466 0.22659506009615382 0.4029688269230769 0.23682087259615384 0.39108692788461535 0.2337983605769231 0.37925578125000003 0.21147372355769228 0.3629360673076923 0.19393234855769229 0.3627618317307692 0.18158959615384618 0.3708074423076923 0.16903343028846154 0.3766066634615385 0.16719328605769232 0.3864444759615384 0.17825825240384616 0.39646190144230775