38 0.25044979567307696 0.5593642932692308 0.24673919230769228 0.5666801658653846 0.23584575961538462 0.5708709206730769 0.2173696826923077 0.5804448317307692 0.22627116826923077 0.5877905985576923 0.2432641923076923 0.5874939831730769 0.26405944951923077 0.5851306971153846 0.2842978173076923 0.5822770528846154 0.2648416298076923 0.5671143004807692 0.25044979567307696 0.5593642932692308
5 0.4280646346153846 0.5882688894230769 0.40064780528846156 0.588247375 0.3996125625 0.5917659783653846 0.42758192067307693 0.5920278870192308 0.4280646346153846 0.5882688894230769
5 0.43607645432692305 0.6388867740384616 0.43149481490384617 0.62771503125 0.41943525240384616 0.62792553125 0.4229205625 0.6391164086538462 0.43607645432692305 0.6388867740384616
5 0.26058445192307694 0.6059445144230768 0.25549828365384614 0.5972819591346153 0.2478458317307692 0.5986657235576923 0.25181385817307694 0.6060976057692308 0.26058445192307694 0.6059445144230768
5 0.5916862716346154 0.66367478125 0.5715700721153846 0.673527358173077 0.5814893461538462 0.6763546754807692 0.5977640480769231 0.6663191129807693 0.6080351490384616 0.6578885745192308 0.5981376899038462 0.6563110673076923 0.5916862716346154 0.66367478125
5 0.5800935600961539 0.6906312091346154 0.5683596346153846 0.6780840817307693 0.5601721081730769 0.6802273004807693 0.5680470817307692 0.6915915961538462 0.5800935600961539 0.6906312091346154
5 0.6345258149038462 0.6676777379807692 0.6005484903846153 0.6687708918269231 0.6022758774038461 0.6734914639423076 0.6346174423076923 0.6729269399038462 0.6345258149038462 0.6676777379807692
5 0.6895927163461538 0.8067378677884616 0.6805690625 0.7923931682692308 0.670153983173077 0.7925749639423076 0.6780682211538461 0.8061889158653847 0.6895927163461538 0.8067378677884616
5 0.7714128533653846 0.8135609495192307 0.7772375697115385 0.8017074879807692 0.7679144519230768 0.8016201875 0.7609497788461539 0.8109931634615385 0.7714128533653846 0.8135609495192307
5 0.7085272980769232 0.5721216802884616 0.6788960024038461 0.5708886298076923 0.6756768413461539 0.5749454302884616 0.7075225985576924 0.5773900192307692 0.7085272980769232 0.5721216802884616
5 0.10286329567307692 0.5544392836538461 0.12434633173076923 0.5600652091346153 0.1330645673076923 0.5569125745192308 0.10718750721153847 0.5508632692307692 0.10286329567307692 0.5544392836538461