7 0.23470626923076926 0.33139989903846157 0.24204388461538462 0.3280782259615385 0.2542324759615385 0.3230568245192308 0.25948635096153844 0.32180945673076927 0.25976604086538463 0.3189707283653846 0.2823400721153846 0.3129987331730769 0.2998877596153846 0.30747865384615386 0.28991960576923076 0.2920830576923077 0.2655244350961538 0.29958346153846155 0.22519226923076924 0.30957815384615384 0.1718477307692308 0.32114712740384616 0.17246377644230768 0.33760258173076924 0.1919036514423077 0.3358884567307693 0.2152834807692308 0.3308211875 0.21889158653846152 0.33235004086538467 0.22554661298076925 0.3314147379807692 0.23470626923076926 0.33139989903846157
7 0.3427434423076923 0.3057820576923077 0.3423845961538462 0.25976928605769234 0.3310170865384615 0.2537321009615385 0.3268666875 0.25558786538461536 0.3157806706730769 0.2563824230769231 0.32237275721153846 0.29362989423076924 0.3258108966346154 0.3229223557692308 0.3238332764423077 0.33058058653846156 0.3223107163461538 0.33664790144230766 0.312257125 0.33271649278846155 0.31338309134615383 0.36004347596153846 0.31964603124999996 0.41667865625 0.30735671875 0.44512755288461536 0.31455854567307695 0.4649838173076923 0.3269881490384616 0.4375331730769231 0.3201982331730769 0.4664816442307692 0.33826034615384615 0.4960092764423077 0.34307534615384616 0.4892247451923077 0.34568609615384616 0.49572913701923077 0.3570805721153846 0.45849874759615383 0.3501278413461538 0.36556803365384616 0.3427434423076923 0.3057820576923077
6 0.5384471538461538 0.43071890384615386 0.5426317259615385 0.4242774663461538 0.53902271875 0.4179133701923077 0.5298630625 0.41792821394230767 0.5012491466346154 0.4364557259615385 0.49774806730769233 0.4453460360576923 0.5000431538461538 0.4496043533653846 0.5041413918269231 0.44979186298076923 0.5139314759615384 0.44943392548076927 0.5384471538461538 0.43071890384615386
37 0.5006025336538461 0.4439268966346154 0.49836140865384615 0.44729577884615385 0.4998156225961538 0.4503998100961538 0.5056297788461538 0.44831021875 0.5057691730769232 0.4444732355769231 0.5006025336538461 0.4439268966346154
37 0.44474252884615384 0.3023902115384615 0.45269348798076925 0.3010182860576923 0.4521673798076923 0.29727483173076924 0.4473334927884615 0.29668172596153847 0.44285034375 0.2985842572115385 0.44474252884615384 0.3023902115384615
37 0.4665368293269231 0.24741068509615383 0.4668165216346154 0.24457195673076923 0.4583925144230769 0.24499239423076924 0.45821804567307695 0.24857981490384617 0.4665368293269231 0.24741068509615383
6 0.45915425961538464 0.2914575264423077 0.46372554326923077 0.29259652403846154 0.4707483966346154 0.2918640192307692 0.4778935576923077 0.2895873701923077 0.4766299975961538 0.27576784615384614 0.4756479278846154 0.26878006730769227 0.4736334326923077 0.26651825721153843 0.47407050480769236 0.26238494471153845 0.46618699278846154 0.2497502860576923 0.46655391586538464 0.2451178485576923 0.4589006346153846 0.2461934471153846 0.45750038221153844 0.25071661778846155 0.45624042548076926 0.25623804086538465 0.4537546850961538 0.26269521875 0.4554193413461538 0.2672966298076923 0.4571712355769231 0.2701043317307692 0.4558060552884615 0.2748770673076923 0.45915425961538464 0.2914575264423077
10 0.508450016826923 0.2631520625 0.5018822235576923 0.26229365625 0.4965411153846154 0.26533473317307693 0.485945233173077 0.2647879471153846 0.4821977355769231 0.2670960721153846 0.4833191971153846 0.2702468677884615 0.48859466105769234 0.2908828461538462 0.49402390384615386 0.2908832980769231 0.5000485024038461 0.29029108653846153 0.5061954086538462 0.28815473076923076 0.5072781971153846 0.27171501201923076 0.508450016826923 0.2631520625
32 0.5110220937500001 0.2500659375 0.4946992884615385 0.24981502884615384 0.49238801682692307 0.2526847860576923 0.48456026682692305 0.2573478052884615 0.47755539903846156 0.26062271153846156 0.4858750865384615 0.2642888173076923 0.4947721394230769 0.26481986778846156 0.5001483221153846 0.2620283533653846 0.5143505072115384 0.25443352403846153 0.5183426225961538 0.24903710336538462 0.5110220937500001 0.2500659375
38 0.29351417067307695 0.12692101201923076 0.2947777307692308 0.1407405360576923 0.3058826346153846 0.1473236105769231 0.3247991033653846 0.15637174759615385 0.31709993990384616 0.09917493509615385 0.3121788173076923 0.10037553846153847 0.3066794278846154 0.09987596153846154 0.3012339975961539 0.10700358894230769 0.29351417067307695 0.12692101201923076
5 0.6821355600961538 0.65152953125 0.6632029038461538 0.6496094711538463 0.6630284375000001 0.653196889423077 0.6815231177884615 0.6544150240384615 0.6821355600961538 0.65152953125