34 0.5452251057692308 0.6917362331730769 0.5630558028846153 0.6843108894230769 0.5692298557692308 0.6774298725961538 0.5464673173076923 0.4721628894230769 0.5485558197115384 0.46877252644230766 0.5455251466346154 0.4630108677884615 0.5317180600961539 0.4646899038461539 0.42973686298076924 0.48619772596153843 0.3655946298076923 0.5033000985576923 0.45562976923076925 0.7035048389423076 0.46170174278846154 0.7074710240384616 0.47209879807692307 0.7074006370192307 0.4923519038461538 0.7060960432692307 0.5160634278846155 0.699648485576923 0.5452251057692308 0.6917362331730769
40 0.54507028125 0.4623355480769231 0.548881483173077 0.4687151033653846 0.5478991778846154 0.47266593990384614 0.5518076875 0.5024496346153846 0.5740283413461539 0.5065904759615385 0.5960389711538462 0.5057315096153846 0.6259623004807692 0.49642575 0.6441912355769231 0.4836415048076923 0.6537806370192307 0.4713732716346154 0.6610284495192308 0.45725135096153846 0.6669305360576924 0.4431148725961539 0.6659936826923077 0.43018428605769227 0.6623223149038462 0.41698034375 0.65359371875 0.4036607548076923 0.6449028725961538 0.3943639831730769 0.6310686634615384 0.3844630745192308 0.6194604038461539 0.3814730865384615 0.5950651153846154 0.3802341105769231 0.5666462163461539 0.3847414447115384 0.53741728125 0.394176608173077 0.5290497139423077 0.4019480817307692 0.5203700432692308 0.4155669543269231 0.514947014423077 0.42861159375 0.5120673509615384 0.4389411923076923 0.5126301586538461 0.4554635216346154 0.5155021225961538 0.4660381586538461 0.5294814807692307 0.46533611298076927 0.54507028125 0.4623355480769231
56 0.5573045168269231 0.8535553966346154 0.55484196875 0.8605375000000001 0.561000076923077 0.8649921826923077 0.5746348942307692 0.8623361538461538 0.5964195576923077 0.8678130817307692 0.6009328557692307 0.8534178004807692 0.5770166225961538 0.8510869879807692 0.5657098365384615 0.8498067355769231 0.5573045168269231 0.8535553966346154
4 0.9160622908653846 0.7857635673076923 0.9128511057692308 0.7694563774038462 0.907697110576923 0.7764093701923076 0.90709709375 0.7863370048076923 0.9160622908653846 0.7857635673076923
4 0.8842110096153846 0.7460482620192308 0.8768741322115384 0.7463345841346154 0.8834198485576923 0.7529874975961538 0.8895455192307692 0.7496407980769231 0.8842110096153846 0.7460482620192308
4 0.8816359543269231 0.632417923076923 0.8875220961538461 0.6296171466346153 0.8796253413461539 0.6267282451923077 0.8768613221153847 0.6320006105769231 0.8816359543269231 0.632417923076923
4 0.7689573221153847 0.713231951923077 0.7714658653846154 0.7198412019230769 0.7796422860576923 0.7090813269230769 0.7689573221153847 0.713231951923077
4 0.5195064447115384 0.7363139927884615 0.5127294447115385 0.7397755384615384 0.5129152740384615 0.7465425024038462 0.525653923076923 0.7483258076923077 0.5195064447115384 0.7363139927884615
4 0.5985447211538462 0.8074999807692307 0.5886992980769231 0.8011770528846154 0.5809588677884615 0.8106008413461538 0.5891812860576923 0.8134323197115385 0.5985447211538462 0.8074999807692307
4 0.5745617764423077 0.8371648557692308 0.5876367163461539 0.8313336033653846 0.5826709375 0.8279278894230769 0.5787629711538462 0.8286169711538461 0.5720290384615384 0.8323227644230768 0.5745617764423077 0.8371648557692308
4 0.837892110576923 0.9461190745192307 0.8404219182692307 0.9376140600961538 0.8299198533653847 0.9351845456730769 0.8278932932692308 0.9408305625 0.837892110576923 0.9461190745192307
4 0.8467965240384616 0.5567124326923077 0.8549918197115385 0.5479639663461539 0.8482632043269231 0.5478911947115385 0.8432626033653846 0.5538097716346153 0.8467965240384616 0.5567124326923077
4 0.15901567788461538 0.9713825865384614 0.16450358173076923 0.9739407067307693 0.1681153918269231 0.9677633269230769 0.16736436778846153 0.9615997043269231 0.16052011057692306 0.9665841610576924 0.15901567788461538 0.9713825865384614
4 0.9297632788461538 0.7206390769230769 0.9280110721153847 0.7164148822115385 0.9231207956730769 0.7210547980769231 0.9247438028846153 0.7245462475961539 0.9297632788461538 0.7206390769230769
4 0.7646245384615384 0.7381727620192307 0.7692806009615385 0.7303001995192309 0.760487673076923 0.7318506298076923 0.7598929735576923 0.7379996995192308 0.7646245384615384 0.7381727620192307
4 0.9936500384615384 0.7154183221153846 0.9994122956730769 0.708106233173077 0.9936606682692308 0.7078611899038462 0.9883774735576923 0.7140814399038462 0.9936500384615384 0.7154183221153846
4 0.9629892451923077 0.7243504350961539 0.9625396947115384 0.719896548076923 0.959221110576923 0.7182151274038462 0.956629360576923 0.7244644855769231 0.9629892451923077 0.7243504350961539