7 0.5086552572115385 0.2933888173076923 0.4279721394230769 0.20510828365384615 0.4097728149038461 0.200943875 0.2680483052884615 0.4279921995192308 0.22353826442307692 0.49870052163461537 0.20034702403846155 0.5325958100961539 0.23916611538461538 0.5262210456730769 0.24211182211538462 0.5227462836538461 0.36373709855769226 0.6758537956730769 0.37479310576923075 0.6760467788461538 0.40547410817307694 0.6538224423076924 0.5112238197115384 0.49057906250000005 0.5783884663461538 0.3891716995192308 0.5086552572115385 0.2933888173076923
11 0.2278026346153846 0.5298694350961538 0.21177185336538462 0.5392064663461539 0.2093736033653846 0.5664123437499999 0.24635345192307692 0.5827653509615385 0.25743743028846156 0.5813560144230769 0.26966739182692306 0.5693881442307692 0.2710369423076923 0.559795201923077 0.24939479807692308 0.5324902572115385 0.2278026346153846 0.5298694350961538
11 0.2673694639423077 0.6183939663461538 0.26805731009615386 0.5927610432692307 0.2665259038461538 0.5840791466346154 0.2586391682692308 0.5813769903846153 0.24707449519230767 0.5827779375 0.23363738221153846 0.581261141826923 0.2195618581730769 0.6714138365384615 0.22967307211538462 0.684412795673077 0.24622352403846154 0.6866250552884616 0.25921350240384616 0.6862106730769231 0.26644650000000003 0.6712705264423077 0.2673694639423077 0.6183939663461538
11 0.29005726923076924 0.6133404375 0.28530642788461535 0.5962677427884615 0.28384774038461535 0.5834198173076923 0.2818412331730769 0.5744090649038461 0.26911956971153844 0.5732253221153847 0.27024299759615383 0.5777327956730769 0.2697565264423077 0.5918290168269231 0.26685502403846156 0.6340925096153847 0.26734094951923076 0.6613487283653845 0.27330471634615383 0.6778014711538461 0.2937175168269231 0.6791194615384615 0.30822230288461544 0.6745642211538462 0.3105252764423077 0.6665903774038462 0.29005726923076924 0.6133404375
11 0.3466446033653846 0.6633741033653846 0.3456274543269231 0.6527778149038461 0.2958371730769231 0.5852318990384615 0.28496557451923077 0.5882477524038461 0.28505489182692306 0.5969044759615385 0.2914602019230769 0.6156088557692307 0.31310757451923077 0.6701616298076923 0.31976460096153847 0.6744451298076922 0.3347221129807692 0.6715005961538462 0.3466446033653846 0.6633741033653846
11 0.2676089014423077 0.6873188990384616 0.20299444471153846 0.6839471201923076 0.19445360817307694 0.691170954326923 0.19182601682692307 0.7315158557692307 0.19689551682692308 0.74410625 0.2595704086538462 0.7484058629807693 0.2738628149038461 0.7422441033653846 0.2768258485576923 0.6964555072115384 0.2676089014423077 0.6873188990384616
11 0.22630078846153845 0.822516 0.23816265625 0.7489938725961539 0.19401134134615386 0.7440559062500001 0.18242897836538463 0.815338983173077 0.18744813461538462 0.8308135528846154 0.19575962740384614 0.8367287379807693 0.20749752403846153 0.8391775552884616 0.2178604567307692 0.8377556322115385 0.22630078846153845 0.822516
11 0.3036318605769231 0.786039545673077 0.3034588173076923 0.7684056346153846 0.29899289423076925 0.7625575721153847 0.2916763533653846 0.7547363822115384 0.2792509759615385 0.7503521947115386 0.2707940456730769 0.7527690721153846 0.2632257908653846 0.7593687620192308 0.2388322644230769 0.8345955192307692 0.23820053846153846 0.8432396586538461 0.2461318389423077 0.8571622475961539 0.26017812259615386 0.86510090625 0.27582871153846156 0.8637712788461538 0.3036318605769231 0.786039545673077
11 0.33757559134615384 0.8799154735576923 0.38189544471153847 0.8201029302884616 0.38733413221153845 0.8115426971153846 0.38663564423076924 0.7964641081730769 0.38060475240384617 0.7838569326923076 0.3718685 0.7747287163461538 0.36351785096153844 0.7710567764423076 0.3541107163461538 0.7728159447115384 0.3112217620192308 0.8332945889423077 0.308320625 0.8479897836538461 0.31171887740384613 0.8599098846153846 0.31369182211538466 0.8708434158653847 0.3267711201923077 0.8790857572115385 0.33757559134615384 0.8799154735576923
11 0.2955731754807692 0.6829985937499999 0.2853778725961539 0.6885907427884616 0.27718348317307695 0.703514108173077 0.2768868341346154 0.7342828461538461 0.3288406129807692 0.7742982235576924 0.33827012259615385 0.7712571995192307 0.3482866081730769 0.76213575 0.3577554567307692 0.7430673293269231 0.35092538942307694 0.7211499206730768 0.2955731754807692 0.6829985937499999
11 0.40036995432692307 0.72585971875 0.406909875 0.7093046658653847 0.4064852980769231 0.6923074903846154 0.4020641225961539 0.6838957139423076 0.38208185817307694 0.671686141826923 0.37382052644230773 0.6766709254807692 0.36348556249999997 0.6764905288461538 0.3449008173076923 0.6530856923076923 0.3466446033653846 0.6633741033653846 0.33567231730769226 0.6721583076923078 0.3252981971153846 0.67422115625 0.3232411658653846 0.6818787307692307 0.3225255336538462 0.695329829326923 0.3302556418269231 0.7070049759615386 0.38230451442307695 0.7415724663461538 0.3914713004807692 0.7398091033653846 0.40036995432692307 0.72585971875
11 0.4849905048076923 0.6298860336538462 0.5161076370192308 0.5964496538461538 0.5179131346153846 0.5894288125 0.5228935 0.5795783317307692 0.5176228076923077 0.5647404975961539 0.5061142524038462 0.54915265625 0.49660101923076927 0.5432164927884615 0.48689760096153845 0.5481761033653846 0.47621023076923075 0.5681849399038461 0.4415995721153846 0.6089332596153846 0.44068834375 0.6198164519230769 0.44424303846153845 0.6365477043269231 0.45505292067307695 0.6508411033653847 0.4703065384615384 0.6584802740384615 0.4849905048076923 0.6298860336538462
11 0.5391389783653846 0.8196420096153846 0.5257980480769231 0.7299724447115385 0.5183306610576923 0.7170196322115385 0.48282050721153846 0.7266577740384614 0.47962308173076923 0.7445534158653846 0.49346708173076925 0.832949514423077 0.49864845673076924 0.8391306274038463 0.5179322331730769 0.8362616105769232 0.5344101466346154 0.8288557524038461 0.5391389783653846 0.8196420096153846
11 0.6140707548076922 0.4660882091346154 0.6276365240384615 0.4602343269230769 0.6355290336538462 0.4488318725961538 0.6372116514423076 0.43507709375000003 0.6342045961538462 0.42829281009615383 0.6258539471153846 0.42462087019230765 0.6218970504807693 0.38961058413461536 0.617051298076923 0.36420163221153845 0.6112999086538461 0.3493554038461539 0.6054198629807692 0.34187985096153845 0.5907306658653846 0.3432262572115385 0.5763823221153846 0.3525926538461538 0.5697642716346154 0.35985005528846153 0.5705131033653846 0.37204446875 0.5786623774038462 0.3872531105769231 0.5888069735576923 0.4121134326923077 0.5898461322115385 0.4489961586538461 0.5985152596153847 0.4619699471153846 0.6029867764423077 0.4674975432692308 0.6140707548076922 0.4660882091346154
11 0.673163891826923 0.38633814903846153 0.6862323653846154 0.36765312259615385 0.7049181610576922 0.3577213100961538 0.71016684375 0.34627270913461533 0.7131405192307692 0.3411956274038461 0.7086076514423076 0.3254089879807692 0.7095244759615384 0.31420533173076926 0.70744525 0.3093606153846154 0.70215759375 0.30926831730769233 0.6953665 0.29889180528846154 0.6860880216346155 0.2932803028846154 0.6311540625000001 0.32758320673076924 0.6150224134615384 0.35647273798076917 0.6179903149038461 0.3655002692307692 0.6229703149038461 0.3832180841346154 0.6342608966346154 0.397519875 0.6502635264423078 0.40356931250000005 0.673163891826923 0.38633814903846153
11 0.89646196875 0.5408998028846154 0.9115436346153847 0.44820018028846154 0.9102917331730769 0.4372792307692308 0.9109570216346154 0.42671230769230767 0.9002979855769231 0.41755052884615385 0.88354075 0.4134112908653846 0.8647936057692308 0.4130840576923077 0.855839016826923 0.43023808413461534 0.8409921033653845 0.5232623677884616 0.8441164471153846 0.5371010528846154 0.8573857475961538 0.5482317668269231 0.8746180865384615 0.5526998605769231 0.8849698317307693 0.5519188653846154 0.89646196875 0.5408998028846154
44 0.7060087548076923 0.3090149783653846 0.695791076923077 0.3158889855769231 0.6949022211538461 0.32549031971153847 0.6981775937499999 0.3306764759615385 0.7071767499999999 0.32474288701923076 0.7097312620192308 0.31613231009615383 0.7060087548076923 0.3090149783653846
44 0.5039341586538462 0.5638604375 0.5084448317307693 0.5671447884615385 0.5104179591346154 0.5642941754807692 0.50403484375 0.5580920841346153 0.50043521875 0.5577086923076923 0.5039341586538462 0.5638604375
44 0.2876238197115385 0.7665264254807693 0.2922519615384615 0.76308103125 0.28808232211538465 0.7540325240384615 0.2814642692307692 0.7612899254807692 0.2876238197115385 0.7665264254807693
44 0.6260713725961539 0.4672593653846154 0.6247131923076924 0.46242723317307693 0.6159599759615385 0.46804455528846156 0.6209625336538462 0.4706963677884615 0.6260713725961539 0.4672593653846154