34 0.5224754471153846 0.5699494735576923 0.5339918173076923 0.565554204326923 0.5398061466346153 0.5601401466346154 0.5379297283653846 0.5506083990384615 0.5438361682692308 0.4931046826923077 0.5394556706730769 0.4865934182692308 0.5272935336538461 0.481172 0.5130304086538462 0.4790845192307692 0.5007399447115385 0.48101492307692306 0.49411409375000004 0.48610839663461536 0.4710587548076923 0.543006358173077 0.46968373557692306 0.5515620961538461 0.48011589182692305 0.562468860576923 0.4955455048076923 0.5679473149038462 0.5085726322115385 0.5706260552884616 0.5224754471153846 0.5699494735576923
56 0.42163161778846153 0.5893321634615385 0.41963221875 0.5868459086538461 0.4225179975961538 0.5853641850961538 0.42783299278846154 0.5851505384615385 0.4323364639423077 0.5846163100961539 0.4331426418269231 0.58524321875 0.4372590673076923 0.5834765576923077 0.44058001201923075 0.5804703317307692 0.4415038197115385 0.5743580721153847 0.44284140865384614 0.5679466177884616 0.44414691826923075 0.5633731177884616 0.4355858341346154 0.5623044254807692 0.4339948701923077 0.5598253004807693 0.4315656514423077 0.5585572211538461 0.4266644375 0.5584716706730769 0.4225266225961538 0.5614636370192307 0.4180071081730769 0.56291684375 0.4143472379807692 0.561933704326923 0.41276697115384614 0.5588419278846154 0.4038455745192308 0.5550091730769231 0.39980935096153847 0.5521809495192308 0.3949295264423077 0.55087009375 0.39291408653846155 0.5493028197115385 0.39379512019230767 0.5456411658653846 0.39171017307692313 0.5480561274038462 0.3883731850961538 0.5519813293269231 0.38870676201923077 0.5562770192307692 0.3870516346153846 0.5574738076923077 0.3869714302884616 0.5620686947115384 0.38772413942307693 0.5657588653846154 0.3922169182692308 0.5658372884615385 0.3942163149038462 0.5683235408653846 0.3982151081730769 0.5732960456730769 0.40263837740384617 0.5773567043269231 0.4054492980769231 0.5801635432692308 0.4090503509615384 0.5845162668269231 0.4134896610576923 0.5876579471153847 0.42163161778846153 0.5893321634615385
5 0.41200685096153844 0.5321701875 0.40795458894230774 0.5302609399038462 0.4054612043269231 0.5326687716346153 0.40032472596153845 0.5460615600961538 0.4052152451923077 0.5467597620192307 0.41200685096153844 0.5321701875
5 0.4137154447115385 0.5279101418269231 0.4237745264423077 0.5133776009615384 0.4205498269230769 0.5108699591346154 0.41807783173076923 0.5120524879807692 0.4072018798076923 0.5265707692307692 0.41043727403846153 0.5284657596153847 0.4137154447115385 0.5279101418269231
5 0.4483126778846154 0.5119674014423077 0.4236889759615385 0.5182788173076923 0.4260647259615385 0.5226101538461538 0.44824851442307695 0.5156433125000001 0.4483126778846154 0.5119674014423077
5 0.43328408653846157 0.4835145096153846 0.4338229134615385 0.49945771394230765 0.43955169230769225 0.4989448701923077 0.4398404254807692 0.48240327163461544 0.43328408653846157 0.4835145096153846
5 0.4655524807692308 0.5073656153846154 0.4558249086538462 0.502905951923077 0.4524825769230769 0.5071374783653846 0.46300562740384615 0.5128367067307692 0.4655524807692308 0.5073656153846154
5 0.4573582668269231 0.46187254086538465 0.4489115360576923 0.4776589014423077 0.4537806682692308 0.47958240865384616 0.4647100889423077 0.46200086778846156 0.4573582668269231 0.46187254086538465
5 0.4608972259615385 0.4931890721153846 0.46811002644230765 0.501281875 0.4706675721153846 0.4951981298076923 0.46584121394230765 0.49082401923076924 0.4608972259615385 0.4931890721153846
5 0.45671663461538464 0.4986316466346154 0.4723120024038462 0.4946139951923077 0.4723761658653846 0.49093808653846155 0.45678079807692307 0.4949557355769231 0.45671663461538464 0.4986316466346154
5 0.47329997596153844 0.4848258269230769 0.4511803485576923 0.4881167596153846 0.4511054903846154 0.49240531971153845 0.47322511778846155 0.48911438942307695 0.47329997596153844 0.4848258269230769
5 0.44849447596153846 0.5015523221153846 0.4480839735576923 0.47825729567307695 0.44317206490384614 0.47878439663461536 0.4436039567307692 0.5008541177884616 0.44849447596153846 0.5015523221153846
5 0.40668857451923074 0.5559780552884616 0.4149535096153846 0.5506067764423077 0.41336254567307695 0.5481276514423077 0.40019639903846155 0.5534133798076923 0.40668857451923074 0.5559780552884616
5 0.4066671875 0.5572033581730769 0.4131593629807692 0.5597680336538462 0.42227325 0.5525730576923077 0.42148846153846153 0.55072084375 0.41657655528846155 0.5512479447115385 0.4066671875 0.5572033581730769
5 0.4435225384615385 0.5523311274038462 0.43210775961538467 0.550906204326923 0.43204359615384613 0.5545821129807693 0.44183532932692304 0.5553658677884615 0.4435225384615385 0.5523311274038462
5 0.17066033413461537 0.5959825336538461 0.16888757692307693 0.6039184903846154 0.1746056610576923 0.6040183004807692 0.17554016105769232 0.597293389423077 0.17066033413461537 0.5959825336538461
5 0.5778968581730769 0.06318021153846154 0.5769195817307693 0.07235573076923077 0.5826162764423077 0.07368084375 0.5828087668269231 0.06265311298076923 0.5778968581730769 0.06318021153846154