11 0.5768736274038462 0.47904671634615387 0.5748389158653846 0.47886870192307696 0.574051735576923 0.47849228846153846 0.5712565432692307 0.47763265625 0.5672939278846154 0.47605580048076923 0.5588816514423077 0.4737821081730769 0.554485391826923 0.47247485576923076 0.5514167692307692 0.4700535865384615 0.5473740480769231 0.4693923509615385 0.54045603125 0.4687871033653846 0.5363065024038461 0.46934669471153845 0.5329174519230769 0.47058790624999997 0.5293948918269231 0.47335514903846154 0.5260592475961539 0.4739859471153846 0.5241644591346154 0.47689560336538467 0.5213222716346154 0.48126008653846153 0.5150173413461538 0.4923951057692308 0.5109607379807692 0.501266483173077 0.5100400456730769 0.5024161057692308 0.5076048028846154 0.5068161923076923 0.50403525 0.5148075528846154 0.502413889423077 0.51927884375 0.5016331201923078 0.5235161370192307 0.5012592908653846 0.5277890288461539 0.5020528822115384 0.5327791466346153 0.501892670673077 0.5346103870192308 0.5063156298076923 0.5356124302884615 0.5070494086538462 0.5365992572115384 0.5049612932692308 0.53703165625 0.5028197740384616 0.53807446875 0.5018456754807692 0.5398345 0.5027994807692308 0.5429933774038461 0.5046472764423077 0.5453078389423077 0.5060881322115385 0.5475866971153847 0.5079893317307692 0.5492907451923077 0.5116251105769231 0.5499163774038461 0.5140934663461538 0.5498247884615385 0.5184363221153846 0.5517424519230769 0.5228325793269231 0.5530497043269231 0.5261682235576923 0.55241890625 0.5283631466346154 0.5507656802884615 0.5295839759615385 0.5508724879807693 0.5329730240384616 0.5496312788461538 0.5326461899038462 0.5486800552884615 0.5356282932692308 0.5474032403846154 0.5348080000000001 0.5427183317307692 0.5416192091346154 0.54454440625 0.5506851586538462 0.5487205456730769 0.5574162644230769 0.5514622403846153 0.5588240048076923 0.5494326033653846 0.5619663245192308 0.5463245480769231 0.5683043677884615 0.5394980288461538 0.57474921875 0.5314506778846154 0.5790525504807692 0.5244461442307693 0.58300234375 0.5167955913461538 0.5880330408653847 0.5061641778846154 0.5901681538461538 0.5005076610576923 0.5926300985576923 0.49580237019230766 0.5934108701923078 0.49156507932692306 0.5945718822115384 0.48766859615384617 0.5902824326923077 0.48514051682692305 0.5867534615384615 0.48329406009615383 0.5836047307692308 0.4817884110576923 0.5804560024038461 0.48028276201923076 0.5768736274038462 0.47904671634615387
44 0.5021458100961539 0.5410909302884616 0.5035332596153845 0.5439802043269231 0.5049741129807692 0.5462590625 0.5064683725961538 0.5479275072115384 0.5079893317307692 0.5492907451923077 0.5108112259615385 0.549845173076923 0.5128726394230769 0.5497179783653846 0.5145538125 0.5492499759615385 0.5163417956730769 0.5475611490384615 0.516908951923077 0.5457655096153846 0.5158750384615385 0.5435222548076923 0.5140539447115384 0.5409025865384616 0.5126397908653846 0.5383185240384616 0.5107118894230769 0.5369196826923077 0.5078632908653846 0.5366704615384615 0.5062088221153846 0.5368332572115384 0.5041207067307693 0.53726565625 0.5028197740384616 0.53807446875 0.5018723774038462 0.5395292932692308 0.5021458100961539 0.5410909302884616
56 0.7513108846153845 0.5099926826923077 0.7521578822115385 0.5143723846153846 0.7545258389423076 0.5201153245192308 0.7530646923076922 0.5227553774038461 0.7548857884615384 0.5253750456730769 0.7565733725961539 0.5295207475961539 0.7579939326923076 0.5367185144230769 0.7577867283653846 0.5437738725961538 0.7573861971153846 0.5483519711538462 0.7589402692307693 0.5540237091346154 0.7601343942307692 0.5544357235576923 0.7614086250000001 0.5539321177884615 0.7684665625 0.5576250360576923 0.7681867211538461 0.5514496971153846 0.7694748341346155 0.5414134783653846 0.7702224951923077 0.5328676899038461 0.7717306346153846 0.5250035216346154 0.7739458485576923 0.5184313846153846 0.7764879014423076 0.5128104735576924 0.7789231442307692 0.5084103846153846 0.7755009831730769 0.5053430985576923 0.7721055240384616 0.5019706057692308 0.7671089975961538 0.4981504975961538 0.764040375 0.49572922596153846 0.7630064615384615 0.4934859711538462 0.7552211562500001 0.49341993028846154 0.7572889807692308 0.49790644230769227 0.7537931201923077 0.5003684783653847 0.7534993966346154 0.5037257524038462 0.753205673076923 0.5070830264423077 0.7513108846153845 0.5099926826923077
5 0.05601223317307692 0.8222114014423076 0.04611104807692308 0.8416429879807693 0.055770853365384614 0.84371828125 0.06567203846153846 0.8242866947115384 0.05601223317307692 0.8222114014423076
5 0.1607382548076923 0.32823364903846153 0.16582235817307692 0.31699182451923075 0.15941809134615384 0.31520135096153845 0.15504106250000002 0.3277352091346154 0.1607382548076923 0.32823364903846153
5 0.17694547596153848 0.3960808533653846 0.1729166370192308 0.3858870024038462 0.16635215625 0.3859277716346154 0.16956711298076924 0.3960504158653846 0.17694547596153848 0.3960808533653846
5 0.19018327644230767 0.12291079326923077 0.17466606490384617 0.12216829807692307 0.17445244711538463 0.12460995432692308 0.18996965865384616 0.1253524471153846 0.19018327644230767 0.12291079326923077
5 0.20621958653846154 0.14584178846153845 0.20539288221153845 0.1365431778846154 0.20045616826923077 0.1367263533653846 0.2013896826923077 0.14480414182692308 0.20621958653846154 0.14584178846153845
5 0.19288982932692308 0.1575923846153846 0.18225592548076924 0.157277125 0.1827493846153846 0.1610108125 0.19007434615384614 0.16165166346153845 0.19288982932692308 0.1575923846153846
5 0.21204710576923078 0.2010942548076923 0.21447593990384617 0.19208046634615383 0.2088855576923077 0.19036119951923075 0.20640331971153847 0.1999854014423077 0.21204710576923078 0.2010942548076923
5 0.14932035096153845 0.2712619158653846 0.1487200841346154 0.2687490576923077 0.14703890865384614 0.26921706009615387 0.13527069471153846 0.2724930721153846 0.13744532692307693 0.2757587572115385 0.14932035096153845 0.2712619158653846
5 0.3003610528846154 0.19467375480769228 0.2813212836538461 0.1966985048076923 0.28268203125 0.1998929831730769 0.3009613221153846 0.19718661298076923 0.3003610528846154 0.19467375480769228
5 0.2923994831730769 0.12631778365384616 0.2781233918269231 0.1207631875 0.27704248557692307 0.12374404807692309 0.2897442139423077 0.12854581971153844 0.2923994831730769 0.12631778365384616
5 0.34923895432692303 0.1140681923076923 0.3610071658653846 0.11079217788461539 0.3587257259615385 0.10874731971153848 0.34869208894230774 0.11094492067307692 0.34923895432692303 0.1140681923076923
5 0.42255690865384615 0.09157365625000001 0.4251587764423077 0.08995603365384615 0.4236378125 0.08859279326923077 0.40730671875 0.08777909375000001 0.4070931033653846 0.09022074759615384 0.42255690865384615 0.09157365625000001
5 0.37483250480769226 0.06525522596153846 0.36414519471153844 0.06555037980769231 0.36479886778846154 0.06745282692307693 0.3745654831730769 0.06830729326923077 0.37483250480769226 0.06525522596153846
5 0.4093510240384616 0.03629075 0.3984500985576923 0.039027557692307695 0.4007315384615385 0.04107241346153846 0.41157906009615386 0.038946021634615385 0.4093510240384616 0.03629075
5 0.4215699927884616 0.08410628365384615 0.42346478125 0.08119662740384616 0.4130979014423077 0.07782929807692307 0.4098957644230769 0.0769340625 0.40886826442307694 0.07930451201923076 0.4215699927884616 0.08410628365384615
5 0.4072554375 0.05086946634615385 0.3970615865384615 0.05489830528846154 0.4009707980769231 0.05708557451923077 0.4110044326923077 0.05488797596153846 0.4072554375 0.05086946634615385
5 0.41982471394230764 0.03843725 0.41386050240384614 0.04099087740384615 0.4193974807692307 0.04332055769230769 0.4254150985576923 0.040156516826923075 0.41982471394230764 0.03843725
5 0.5268644615384616 0.15544200961538462 0.5228356201923077 0.1452481610576923 0.5178989110576923 0.14543134134615385 0.5204601947115385 0.1536515360576923 0.5243694038461538 0.15583880528846153 0.5268644615384616 0.15544200961538462
5 0.51038809375 0.12816691586538462 0.5130433653846154 0.1259388798076923 0.5036505817307693 0.12081151682692307 0.49958115625 0.12045548798076923 0.4993675408653846 0.12289714182692307 0.51038809375 0.12816691586538462
5 0.5165402836538461 0.10471681971153846 0.505412920673077 0.10066787259615384 0.5035715336538462 0.10296711538461538 0.5122038389423077 0.10741285817307691 0.5165402836538461 0.10471681971153846
5 0.5777397163461538 0.14574604807692307 0.5827298341346154 0.14495245432692308 0.5752318389423077 0.13691543750000001 0.5719228966346154 0.13724102884615383 0.5717626826923077 0.13907226682692306 0.5777397163461538 0.14574604807692307
5 0.6390716009615385 0.20400926201923075 0.6383645264423077 0.2027172283653846 0.6341882932692309 0.2035820264423077 0.6270897692307693 0.2097269278846154 0.6310523822115385 0.21130378365384614 0.6390716009615385 0.20400926201923075
5 0.661332875 0.5682423389423077 0.6624671850961538 0.5646510625000001 0.6560095120192307 0.5634710048076923 0.6431732139423076 0.5789552884615385 0.6487101923076923 0.58128496875 0.661332875 0.5682423389423077
5 0.7849386418269231 0.5427663870192307 0.7804163413461538 0.5288388509615385 0.7730913798076924 0.528198 0.7759859110576923 0.5419831225961539 0.7849386418269231 0.5427663870192307
5 0.578756704326923 0.5653234591346153 0.5621051826923077 0.5681722403846154 0.5655337572115384 0.5758532307692308 0.5816918173076924 0.5692707620192308 0.578756704326923 0.5653234591346153
5 0.6834295096153846 0.5406514278846154 0.6820815817307693 0.5466843581730769 0.6861510048076924 0.5470403870192307 0.6960116057692307 0.5374466225961538 0.6921023966346154 0.5352593533653847 0.6834295096153846 0.5406514278846154
5 0.6874028221153845 0.5889757331730769 0.6781296682692308 0.5918549519230769 0.6810647788461538 0.5958022548076923 0.6895774567307692 0.5922414158653846 0.6874028221153845 0.5889757331730769
5 0.6055057788461539 0.13771880769230768 0.6070673245192307 0.1292442235576923 0.6029979014423077 0.12888819471153845 0.6022502403846154 0.13743398317307692 0.6055057788461539 0.13771880769230768
5 0.5972729471153846 0.14745498317307693 0.6073599855769231 0.14464697115384614 0.6051319495192308 0.14199169951923077 0.5950983149038461 0.14418929807692307 0.5972729471153846 0.14745498317307693
5 0.5221157259615384 0.13472872115384615 0.5261851466346154 0.13508474759615385 0.5203149230769231 0.12719014423076921 0.5178732692307693 0.1269765264423077 0.5176062475961538 0.13002859375 0.5221157259615384 0.13472872115384615
5 0.06471906009615384 0.21649866586538463 0.04996232932692308 0.21643779086538462 0.05045579086538462 0.22017147355769232 0.06521252163461538 0.2202323485576923 0.06471906009615384 0.21649866586538463
5 0.15791852884615384 0.40733300961538466 0.16880663221153844 0.3953687956730769 0.16250917307692306 0.39235749759615385 0.15411612740384614 0.4039249134615384 0.15791852884615384 0.40733300961538466
5 0.13404876201923077 0.17397245913461537 0.13946611298076922 0.1682955576923077 0.13621057211538462 0.1680107355769231 0.1317139158653846 0.17253801442307692 0.13404876201923077 0.17397245913461537
5 0.2245202764423077 0.23663031490384615 0.21409999038461539 0.2338734014423077 0.2139397764423077 0.23570464182692305 0.22349277403846154 0.2390007644230769 0.2245202764423077 0.23663031490384615