38 0.24622547115384613 0.5373886610576923 0.24189136778846151 0.5443532932692308 0.23067413701923078 0.5475786778846155 0.21143394711538463 0.555505858173077 0.2196613341346154 0.5635994879807693 0.2366155480769231 0.5647850432692307 0.25753764663461537 0.5642431754807693 0.27794771153846154 0.56316428125 0.25988708173076924 0.5463635096153846 0.24622547115384613 0.5373886610576923
5 0.42064523076923077 0.5816634182692307 0.3933346033653846 0.5792524543269231 0.39199663461538464 0.5826674399038462 0.41983673317307696 0.5853660408653846 0.42064523076923077 0.5816634182692307
5 0.4242149230769231 0.6327869615384615 0.42062440144230767 0.6212584182692308 0.40859237980769236 0.6204170576923077 0.41108907932692307 0.6318691153846154 0.4242149230769231 0.6327869615384615
5 0.2522618293269231 0.5846749230769231 0.2479500048076923 0.5756020432692307 0.24020606971153846 0.5763135865384615 0.24351126682692306 0.5840630240384616 0.2522618293269231 0.5846749230769231
5 0.5770721802884615 0.6710429350961539 0.5561738197115385 0.6791047788461538 0.5658089326923077 0.6827858557692307 0.5828963605769231 0.6742069182692307 0.5938631466346154 0.6667036442307693 0.5841408389423077 0.6642695216346154 0.5770721802884615 0.6710429350961539
5 0.5631741730769231 0.6968864134615385 0.5525784567307692 0.6833643533653846 0.5442352908653846 0.6847858269230769 0.5510898341346153 0.6967932259615384 0.5631741730769231 0.6968864134615385
5 0.6193998269230769 0.6787643725961539 0.5854565216346154 0.6768920456730769 0.5867659086538461 0.6817452067307692 0.6190336057692308 0.6840015841346154 0.6193998269230769 0.6787643725961539
5 0.6621372908653846 0.8220947331730769 0.6543981995192307 0.8070181538461539 0.64400690625 0.8062915240384616 0.6507044951923077 0.8205434423076923 0.6621372908653846 0.8220947331730769
5 0.7430514086538461 0.8360229447115385 0.7498870576923077 0.8247222475961539 0.7406070240384615 0.8238227139423077 0.7328519471153846 0.8325530120192308 0.7430514086538461 0.8360229447115385
5 0.7014479687499999 0.5900215889423077 0.6720368990384615 0.5862106923076923 0.6684764110576923 0.589971485576923 0.6999879278846154 0.5951823125 0.7014479687499999 0.5900215889423077
5 0.09962982451923078 0.5196193798076923 0.12054077884615386 0.527096266826923 0.12950061057692308 0.5247154735576923 0.10424925240384615 0.5164338557692308 0.09962982451923078 0.5196193798076923