10 0.18923551682692308 0.25740711057692306 0.19497498798076923 0.25628161538461536 0.19661942307692307 0.25569748076923077 0.19422228365384614 0.2525914471153846 0.19142740384615384 0.24886563221153846 0.18943335576923076 0.24607305288461537 0.18622469471153844 0.24264643509615386 0.18499939182692307 0.2426250456730769 0.18539178605769233 0.24355115384615383 0.18374200721153844 0.24444161298076922 0.17919575721153846 0.24742645192307694 0.1717744278846154 0.2512803629807692 0.17535943750000002 0.25655206490384613 0.17696109615384614 0.2584185360576923 0.17897653365384616 0.2599858125 0.18308226682692308 0.25883180048076926 0.18923551682692308 0.25740711057692306
10 0.7287245408653846 0.4571102620192308 0.7419067307692307 0.45090555288461537 0.7435458149038462 0.4506277427884615 0.7451849014423076 0.45034993509615384 0.7456254182692308 0.44851911057692306 0.7440344543269231 0.4460399855769231 0.7424328004807692 0.44417351442307695 0.7388050120192309 0.4413524182692308 0.7355749639423077 0.4391511009615385 0.7331457451923077 0.43788302163461534 0.7302867019230769 0.4378331177884615 0.7298622283653846 0.4387449663461539 0.7290239687500001 0.4399560120192308 0.7186366562500001 0.4498865336538461 0.7182068365384615 0.45110470913461537 0.7189969711538461 0.4526505961538462 0.7226194110576922 0.4557780192307692 0.7262739350961538 0.45706748557692306 0.7287245408653846 0.4571102620192308
38 0.5694453245192308 1 0.5784040216346154 0.9937842307692308 0.5748510913461539 0.9866745721153846 0.561709610576923 0.9671407764423077 0.5553564519230769 0.9566116274038462 0.5403171658653846 0.9287713870192308 0.5355710120192307 0.9198023846153845 0.5182991298076923 0.9262421274038461 0.4767798990384616 0.9408383653846154 0.48110692307692304 0.9504128894230769 0.49261466586538466 0.9699181682692307 0.5104755649038462 0.9999525961538461 0.5131913317307693 1 0.5694453245192308 1
26 0.49917307211538464 0.9920948317307693 0.5008281995192307 0.9908980456730769 0.5025314471153846 0.9869443245192309 0.4989624759615384 0.980753641826923 0.4965653389423077 0.9776476081730769 0.4917443269230769 0.9729671706730769 0.4789866129807692 0.9782600288461538 0.4756710144230769 0.9809599278846155 0.47280662740384616 0.9812163485576922 0.46792679807692306 0.9799054927884616 0.45071907932692307 0.9826693245192307 0.44494218028846155 0.9859391009615385 0.4537031682692308 0.9989616298076923 0.5072080889423077 0.9998955625 0.5076272187499999 0.9992900408653846 0.5003556009615384 0.9945668245192307 0.49917307211538464 0.9920948317307693
5 0.6551591995192307 0.8330282307692307 0.6420786009615385 0.8334127475961538 0.6420144375000001 0.8370886586538462 0.6550950360576924 0.836704141826923 0.6551591995192307 0.8330282307692307
5 0.6223133365384614 0.8422603197115385 0.6361252524038462 0.8467912764423077 0.6369848966346154 0.8443549278846153 0.62397915625 0.8404508798076923 0.6223133365384614 0.8422603197115385
5 0.6197130144230769 0.8507946682692308 0.6327187572115385 0.8546987139423077 0.6343952692307693 0.8522766274038461 0.6214109158653845 0.8471472764423077 0.6197130144230769 0.8507946682692308
5 0.6286451033653846 0.8540147692307692 0.6188854519230769 0.8513930624999999 0.6180151153846154 0.8544420600961539 0.6277854615384615 0.8564511177884615 0.6286451033653846 0.8540147692307692
5 0.5870917235576922 0.8471610697115385 0.6008715576923077 0.8535299807692307 0.6017418966346153 0.850480983173077 0.5887789326923077 0.8441263269230769 0.5870917235576922 0.8471610697115385
5 0.6135696033653846 0.7814366923076924 0.6215992740384616 0.78954375 0.6249095240384615 0.7871501778846154 0.6160629855769231 0.7790288605769231 0.6135696033653846 0.7814366923076924
5 0.6265498221153846 0.73999025 0.6117178533653846 0.7470854158653846 0.6166083725961538 0.7477836201923077 0.6289469591346154 0.7430962836538462 0.6265498221153846 0.73999025
5 0.7330208365384615 0.7259149086538461 0.7298282163461539 0.7215693100961539 0.7258294230769231 0.7165968028846154 0.7225405600961538 0.7177650745192307 0.7249163100961538 0.7220964110576923 0.7297212764423077 0.7276958293269231 0.7330208365384615 0.7259149086538461
5 0.7495448629807692 0.5282565192307692 0.7497266586538461 0.5178414399038462 0.7464484879807693 0.5183970576923077 0.7454712115384615 0.5275725769230769 0.7495448629807692 0.5282565192307692
5 0.2188779879807692 0.9700427860576923 0.2017023509615385 0.9709686610576923 0.20162749278846154 0.9752572211538462 0.21799695673076924 0.9737044374999999 0.2188779879807692 0.9700427860576923
5 0.6328602019230769 0.7529700048076923 0.6280445408653846 0.7479832379807692 0.6239388052884615 0.74913725 0.627948295673077 0.7534971057692308 0.6328602019230769 0.7529700048076923