4 0.5031422548076923 0.7866021538461538 0.5021209182692308 0.7873021298076923 0.5005479302884616 0.7966626033653846 0.5078565817307692 0.7985194591346154 0.5149602620192307 0.7962125937500001 0.5155003701923077 0.7948146274038461 0.5167361802884616 0.7956358774038462 0.5177590865384615 0.7948336370192308 0.5210991514423077 0.8033633557692308 0.5168660360576923 0.8030752211538462 0.5177891105769231 0.8041670793269231 0.5163558317307693 0.8042978149038462 0.5025803509615385 0.8373079278846153 0.5239532427884616 0.8490894927884616 0.5339822524038461 0.8362636971153846 0.5258706682692308 0.8155486682692307 0.5270198725961538 0.8150856875 0.5307121778846153 0.8194531298076922 0.5856046923076923 0.7430866658653846 0.5840889975961538 0.742571079326923 0.5856635432692308 0.74172134375 0.5858401033653846 0.7376253749999999 0.5583252836538461 0.7150366586538461 0.5684019038461539 0.7049386249999999 0.5312812860576923 0.6815253653846154 0.5201824495192308 0.6899048677884616 0.5007587548076923 0.6761048485576923 0.4875202716346154 0.6755917668269231 0.4929386514423077 0.7017908749999999 0.4878948822115384 0.704772875 0.4701306658653846 0.6835849663461538 0.45988090625000005 0.6837638774038461 0.4444388245192308 0.7085907307692308 0.36843883173076925 0.6970861778846154 0.2992333990384615 0.6510963173076922 0.31073812980769233 0.6280745649038462 0.3124752307692308 0.6139051850961539 0.30798216346153845 0.6028211995192307 0.29232533413461537 0.5963970408653846 0.27857274278846156 0.6043267548076924 0.2670999855769231 0.6102322475961539 0.25888166346153846 0.6131042908653846 0.25239011057692307 0.6201631033653846 0.2266350144230769 0.6225970889423077 0.2214140721153846 0.626657079326923 0.2618627115384615 0.6512525192307692 0.2767310649038462 0.6693489591346153 0.36967464182692306 0.6979074230769231 0.5023456298076924 0.7859649182692308 0.5031422548076923 0.7866021538461538
4 0.2338198173076923 0.5984104735576923 0.2300616057692308 0.5915305697115385 0.23759268509615383 0.587182204326923 0.2369980096153846 0.5720613100961539 0.22883762980769232 0.5593049615384615 0.1986483918269231 0.5729787596153846 0.18084158413461537 0.5760181682692308 0.18603488221153847 0.5893224158653847 0.19250311778846155 0.5998758197115385 0.20246985576923077 0.6024304399038461 0.22825525 0.6017323004807692 0.2338198173076923 0.5984104735576923
4 0.21640424278846154 0.6049158052884616 0.22725300721153846 0.620105764423077 0.25137222836538464 0.6186925480769231 0.2545963605769231 0.6139232524038462 0.2388443052884615 0.6020435745192307 0.21640424278846154 0.6049158052884616
4 0.2964430961538462 0.7186156153846154 0.29462375240384614 0.7280734110576923 0.3037284326923077 0.7380846899038461 0.3116550745192308 0.7374502211538462 0.31614548798076925 0.7294341225961538 0.3369297091346154 0.7074906658653847 0.3499084831730769 0.6931250625 0.34596247836538463 0.6944342091346154 0.33536476442307694 0.6936269783653847 0.30379670673076925 0.7041001466346154 0.3045748485576923 0.7107840120192308 0.2964430961538462 0.7186156153846154
4 0.218974375 0.7142626033653846 0.21050765384615386 0.721852 0.21684603846153847 0.7249660600961538 0.23369989182692308 0.7241757692307692 0.24162220432692308 0.7232933221153846 0.25401761778846155 0.7134028677884616 0.218974375 0.7142626033653846
4 0.3028610625 0.7073411754807692 0.2750096033653846 0.703362358173077 0.28062443990384617 0.7218683749999999 0.29198731009615386 0.7286155384615385 0.28993423076923075 0.7246825144230769 0.3026343100961538 0.7132984206730769 0.3028610625 0.7073411754807692
4 0.36836179807692304 0.9544995625 0.35527815865384615 0.9249615 0.34609556490384613 0.9104866177884615 0.3358674471153846 0.9119054182692307 0.32422420673076924 0.9269918701923078 0.3106404254807692 0.9445927307692308 0.33851785817307695 0.9500594182692308 0.36836179807692304 0.9544995625
4 0.38997344711538456 0.9231156225961539 0.3898392644230769 0.9154283004807693 0.3791956129807692 0.8930412067307691 0.36628343990384615 0.8922743725961539 0.3600489399038462 0.8951117884615385 0.3616528389423077 0.9112072788461538 0.3619515048076923 0.9283177692307691 0.38997344711538456 0.9231156225961539
4 0.3351325865384615 0.9077013317307692 0.3591592355769231 0.9199326826923078 0.3587696730769231 0.8976146538461538 0.34918984375 0.8982779759615384 0.3351325865384615 0.9077013317307692
4 0.7745475264423077 0.7293704014423077 0.7746400985576922 0.7157258365384614 0.7678758509615384 0.7071620288461538 0.7571023461538461 0.6773355889423077 0.7554594879807692 0.6590082932692307 0.745819060096154 0.6561999254807692 0.7335984591346154 0.6571573990384615 0.7288120360576923 0.6671630913461539 0.7117617283653845 0.6756464759615385 0.7244671177884616 0.7024625504807692 0.7384707596153847 0.7089155649038462 0.7525393269230769 0.71908825 0.7745475264423077 0.7293704014423077
4 0.7762846274038462 0.7152010240384615 0.7779308317307693 0.6958241033653846 0.7783280673076922 0.6806858966346153 0.7831188221153845 0.6709281826923077 0.7825804158653846 0.6590310048076924 0.7657352187500001 0.6603172524038462 0.7584482091346154 0.6597002860576923 0.756499014423077 0.6617187403846153 0.7586213485576923 0.6696194110576923 0.7633091995192308 0.6918624134615385 0.768541454326923 0.7073984663461539 0.7762846274038462 0.7152010240384615
4 0.7815755192307693 0.6583043846153847 0.7777670432692307 0.6295966394230769 0.7600614591346153 0.6194874375 0.7524870961538461 0.6213560240384616 0.7547176442307693 0.6354561466346154 0.7635090024038462 0.6464651081730769 0.7726483076923076 0.6584602091346153 0.7815755192307693 0.6583043846153847
4 0.7567690528846154 0.6582412764423077 0.7663835096153846 0.6595617764423077 0.7686590168269232 0.6572895745192308 0.7564400889423077 0.6393949399038461 0.7567690528846154 0.6582412764423077
4 0.7508295817307692 0.6211369014423076 0.7258596153846154 0.6496028149038462 0.7329241995192307 0.6564250048076924 0.7487861394230768 0.6556520288461538 0.7560774759615385 0.6565169711538462 0.7508295817307692 0.6211369014423076
4 0.7317451802884616 0.6078270697115384 0.7313609278846154 0.6237092115384615 0.7180991274038462 0.6408083461538462 0.7241977692307693 0.6491357163461539 0.7507646538461539 0.6174172307692308 0.7317451802884616 0.6078270697115384
4 0.671112016826923 0.5637396610576924 0.6720633004807692 0.5803426514423077 0.6581938389423077 0.5815769591346154 0.6573517524038461 0.6091256129807692 0.6666701995192308 0.6124357091346154 0.6661950480769231 0.6231103100961538 0.6734803822115385 0.6425793822115384 0.6903039375000001 0.6400532451923078 0.7067146129807692 0.6328212932692308 0.7193221225961538 0.6350817644230768 0.7240323052884615 0.6017603581730769 0.716367045673077 0.5984214062500001 0.7139184014423077 0.5907744831730769 0.7038088245192308 0.5800365841346153 0.6930639447115384 0.5707980985576924 0.6833585889423077 0.5642700576923076 0.671112016826923 0.5637396610576924
4 0.6905186874999999 0.6713042572115384 0.7017690192307692 0.6716039879807691 0.7200985913461538 0.6606177379807693 0.7109160024038462 0.6461428533653847 0.6837604423076923 0.6441363197115385 0.6639005528846155 0.6432427067307693 0.65996753125 0.6452957860576922 0.6595876081730769 0.6614259062500001 0.6905186874999999 0.6713042572115384
4 0.682391264423077 0.6793838365384615 0.6822873798076923 0.673432360576923 0.6732389711538461 0.6666448028846154 0.6603484374999999 0.6671178581730769 0.6570057620192308 0.6840438533653846 0.6619653245192307 0.6839572836538461 0.6620475649038462 0.6886688701923076 0.6812851370192308 0.6918058269230769 0.6841916177884616 0.6877862355769231 0.682391264423077 0.6793838365384615
4 0.7097216322115384 0.6724573870192307 0.7066982836538462 0.6697815721153847 0.6968354278846154 0.6731784254807691 0.6862377139423077 0.6723711947115384 0.6860326033653846 0.6795683317307692 0.6983224591346153 0.6825785072115385 0.7097216322115384 0.6724573870192307
4 0.6552443629807693 0.6778732596153846 0.6586779375 0.6661548052884616 0.65812221875 0.6532657139423077 0.65366978125 0.625561423076923 0.642654858173077 0.6198003990384616 0.6352639663461539 0.6132319615384616 0.6219692139423076 0.6094951610576923 0.6152785504807692 0.605146985576923 0.6005600192307692 0.6145818822115385 0.6155122884615385 0.6185378004807693 0.6087203990384615 0.6273382307692308 0.6201395408653846 0.6373091105769231 0.6272171105769231 0.6448752331730769 0.6096846682692308 0.6446851538461539 0.6061298966346154 0.6494602235576923 0.6072300192307692 0.6556423629807693 0.6043235384615385 0.6596619543269231 0.6044014495192308 0.6641255600961539 0.6090476899038462 0.665036673076923 0.60883825 0.6719858317307692 0.6096466923076923 0.6804055432692308 0.6124086586538462 0.6870547836538462 0.6229933894230769 0.687118079326923 0.6345137596153846 0.6839403461538461 0.6552443629807693 0.6778732596153846
4 0.629399752403846 0.5614911081730769 0.6307829038461539 0.5649397139423077 0.6285160528846153 0.5677078725961539 0.6441988533653846 0.5756199014423077 0.6531104254807693 0.5556200576923077 0.6474203341346154 0.5517505192307692 0.6405245600961538 0.5545994759615385 0.6371749014423076 0.5521774086538461 0.629399752403846 0.5614911081730769
4 0.6350102620192307 0.5797491466346154 0.6276220216346153 0.5922807908653847 0.6229481394230769 0.6087339158653846 0.6362125961538462 0.6107348653846154 0.6410050192307692 0.5821250456730769 0.6350102620192307 0.5797491466346154
4 0.6164582620192308 0.5969406225961539 0.6200579903846154 0.5757932259615385 0.6133456875 0.5702051586538461 0.6082545961538461 0.5817044903846154 0.6084277355769231 0.5916236129807693 0.6032414182692307 0.5976674302884615 0.6164582620192308 0.5969406225961539
4 0.61850603125 0.5626734711538461 0.6125675408653847 0.5635212908653846 0.6011813581730769 0.57438634375 0.6069147331730769 0.5807356634615385 0.6146682355769231 0.5701820721153846 0.6216808798076923 0.5740285240384615 0.6225386081730769 0.5663238870192308 0.61850603125 0.5626734711538461
4 0.5850946225961539 0.657020951923077 0.5971820240384615 0.6863283509615384 0.6047131009615385 0.6819799831730768 0.5976095600961538 0.6729259903846153 0.5946095264423077 0.6526379567307692 0.5850946225961539 0.657020951923077
4 0.17181954567307692 0.41915768509615386 0.21265676442307693 0.4281189615384615 0.22049250961538464 0.4222769543269231 0.2298645721153846 0.40971068269230765 0.22602412259615384 0.39811919711538457 0.20261546153846155 0.38339652403846153 0.18510466346153848 0.38444633653846155 0.17335321153846153 0.39333333653846153 0.1612321658653846 0.39999430288461535 0.16008275240384615 0.40993651442307694 0.17181954567307692 0.41915768509615386