12 0.5694659879807692 0.4523046826923077 0.5546560889423077 0.4420175264423077 0.48518608173076927 0.47046443269230764 0.47828771394230774 0.4773630456730769 0.49512701442307694 0.4878857139423077 0.561618579326923 0.4600245072115384 0.5694659879807692 0.4523046826923077
56 0.7457547740384616 0.12350615865384616 0.7029236225961538 0.12989803365384617 0.7170738509615385 0.17872870913461536 0.8169116971153846 0.14796956490384613 0.8441435024038462 0.1439894903846154 0.8268632788461538 0.12236360336538461 0.7799000865384615 0.1224394735576923 0.7457547740384616 0.12350615865384616
41 0.4855088173076923 0.4798775 0.484644125 0.47710727403846154 0.48079542548076926 0.4796409543269231 0.48708262740384617 0.492788625 0.49068939423076924 0.49159285096153843 0.4855088173076923 0.4798775
30 0.7631031682692307 0.7218333100961538 0.7816041802884615 0.7273332499999999 0.7916966634615386 0.7181354447115385 0.8250707451923076 0.6916464735576924 0.7976586442307692 0.6786550096153847 0.7789869158653846 0.6707137427884615 0.7485609927884614 0.6769930120192308 0.7401640576923078 0.6864496778846154 0.7488594783653847 0.6956546971153846 0.7688721923076923 0.6987843774038461 0.7631031682692307 0.7218333100961538
56 0.3974192692307692 0.8753516346153846 0.4306024086538462 0.8749183701923078 0.4814122884615385 0.8626846129807693 0.48036374759615386 0.857285264423077 0.42596579567307696 0.8661843846153846 0.3974192692307692 0.8753516346153846
56 0.8166423485576922 0.8637756947115385 0.8435741346153847 0.8651005576923076 0.8439398149038462 0.8607345937499999 0.8173812836538462 0.8599497692307693 0.8166423485576922 0.8637756947115385
5 1 0.7415050913461538 0.9975630240384615 0.7403501298076923 0.9785089350961538 0.7509294447115384 0.9894080216346153 0.7484688918269231 0.9986115600961539 0.7457494783653846 1 0.7450041370192307 1 0.7415050913461538
5 0.8236021033653846 0.5554985985576922 0.8383988653846154 0.5655979567307692 0.84427696875 0.5632997908653846 0.8291594783653846 0.5534115721153846 0.8236021033653846 0.5554985985576922
5 0.35723388221153846 0.6988845985576924 0.3811665144230769 0.6957013629807692 0.38146653846153844 0.6903964278846153 0.35753390384615386 0.6935796634615384 0.35723388221153846 0.6988845985576924
5 0.8465660504807692 0.49048533173076925 0.8638271057692308 0.4830508004807692 0.8589955288461538 0.48112410576923076 0.8413743509615385 0.4882063918269231 0.8465660504807692 0.49048533173076925
5 0.7738484447115385 0.45329859615384616 0.7806195144230769 0.46377045432692304 0.7872572572115384 0.46274015865384616 0.7814352283653846 0.45144708653846155 0.7738484447115385 0.45329859615384616
5 0.03688943509615385 0.7571406778846155 0.04309784615384615 0.7691615841346154 0.05144426682692308 0.7685779447115385 0.04410296394230769 0.7547491322115385 0.03688943509615385 0.7571406778846155