10 0.18504901923076922 0.26286764663461537 0.19076797355769232 0.26164215625 0.19240196153846154 0.2610294110576923 0.18995098076923078 0.25796568509615386 0.18709150240384617 0.2542892163461538 0.18504901923076922 0.25153186298076924 0.1817810456730769 0.2481617644230769 0.1805555552884615 0.2481617644230769 0.1809640528846154 0.24908088221153848 0.17933006490384618 0.25 0.17483660096153847 0.2530637259615385 0.1674836610576923 0.25704656971153844 0.1711601298076923 0.2622549014423077 0.17279411778846152 0.26409313701923076 0.17483660096153847 0.265625 0.17892156971153844 0.2643995096153846 0.18504901923076922 0.26286764663461537
10 0.7279411754807692 0.453125 0.7410130721153846 0.44669117548076925 0.7426470576923077 0.4463848028846154 0.744281045673077 0.4460784302884615 0.7446895432692308 0.4442401971153846 0.7430555552884616 0.4417892163461538 0.7414215697115385 0.4399509807692308 0.7377450985576922 0.43719362740384615 0.734477125 0.4350490192307692 0.7320261442307692 0.4338235288461538 0.7291666658653846 0.4338235288461538 0.728758170673077 0.43474264663461537 0.7279411754807692 0.43596813701923076 0.7177287572115384 0.4460784302884615 0.7173202620192308 0.4473039206730769 0.7181372548076923 0.4488357836538462 0.7218137259615385 0.4518995096153846 0.7254901971153846 0.453125 0.7279411754807692 0.453125
38 0.5698529423076922 0.9659926466346154 0.5633169927884615 0.9555759807692308 0.5477941177884615 0.9280024519230768 0.54289215625 0.9191176466346154 0.5257352932692307 0.92585784375 0.484477125 0.9411764711538461 0.4889705889423077 0.9506740192307692 0.5008169927884615 0.9699754903846153 0.5191993461538462 0.9996936274038462 0.5767973846153847 0.9996936274038462 0.5870098028846154 0.9923406850961538 0.5833333341346154 0.9852941177884615 0.5698529423076922 0.9659926466346154
26 0.5077614375 0.9920343149038462 0.5093954254807692 0.9908088245192308 0.5110294110576923 0.9868259807692308 0.5073529423076922 0.9806985288461539 0.5049019615384616 0.9776348028846154 0.5 0.9730392163461539 0.4873366009615384 0.978553920673077 0.48406862740384615 0.9813112740384615 0.4812091514423077 0.9816176466346154 0.47630718990384613 0.98039215625 0.45915032692307695 0.9834558822115385 0.45343137259615385 0.9868259807692308 0.46241830048076926 0.9996936274038462 0.5159313725961538 0.9996936274038462 0.5163398701923076 0.9990808822115385 0.5089869278846154 0.9944852932692307 0.5077614375 0.9920343149038462
5 0.6609477115384615 0.8302696081730769 0.6478758173076924 0.8308823533653846 0.6478758173076924 0.8345588245192308 0.6609477115384615 0.833946079326923 0.6609477115384615 0.8302696081730769
5 0.6282679735576924 0.8400735288461539 0.6421568629807692 0.8443627451923077 0.6429738557692308 0.8419117644230769 0.6299019615384616 0.8382352932692307 0.6282679735576924 0.8400735288461539
5 0.6258169927884616 0.8486519615384616 0.638888889423077 0.8523284302884615 0.640522875 0.8498774519230768 0.6274509807692308 0.8449754903846153 0.6258169927884616 0.8486519615384616
5 0.634803920673077 0.8517156850961538 0.625 0.8492647067307693 0.6241830072115384 0.8523284302884615 0.6339869278846154 0.8541666658653846 0.634803920673077 0.8517156850961538
5 0.5931372548076923 0.8455882355769231 0.6070261442307692 0.8517156850961538 0.6078431370192308 0.8486519615384616 0.5947712427884615 0.8425245096153847 0.5931372548076923 0.8455882355769231
5 0.6184640528846154 0.7794117644230769 0.6266339879807692 0.7873774519230768 0.6299019615384616 0.7849264711538461 0.6209150336538461 0.7769607836538461 0.6184640528846154 0.7794117644230769
5 0.630718954326923 0.7377450985576922 0.6160130721153846 0.7450980384615384 0.6209150336538461 0.7457107836538461 0.6331699350961538 0.7408088245192308 0.630718954326923 0.7377450985576922
5 0.7369281057692307 0.7218137259615385 0.7336601298076922 0.7175245096153847 0.7295751634615384 0.7126225480769232 0.7263071899038462 0.7138480384615384 0.728758170673077 0.7181372548076923 0.7336601298076922 0.7236519615384616 0.7369281057692307 0.7218137259615385
5 0.75 0.5238970576923078 0.75 0.5134803918269231 0.7467320264423076 0.5140931370192308 0.7459150336538461 0.5232843149038462 0.75 0.5238970576923078
5 0.2271241826923077 0.9748774519230768 0.20996731971153848 0.9761029423076923 0.20996731971153848 0.98039215625 0.22630718990384613 0.978553920673077 0.2271241826923077 0.9748774519230768
5 0.6372549014423078 0.7506127451923077 0.6323529423076923 0.7457107836538461 0.6282679735576924 0.7469362740384615 0.6323529423076923 0.7512254903846153 0.6372549014423078 0.7506127451923077