41 0.5987152740384615 0.8610732524038462 0.8876912283653847 0.73373328125 0.8806818485576924 0.7269335745192307 0.5917058942307692 0.8542735456730769 0.5987152740384615 0.8610732524038462
37 0.5902445360576923 0.9657377427884615 0.6277762139423076 0.9405129663461539 0.6118408509615384 0.9356213653846154 0.5947846778846154 0.9403002668269231 0.5887168557692308 0.9560923485576923 0.5902445360576923 0.9657377427884615
56 0.6986655745192307 0.6015193846153847 0.6801511033653846 0.61779971875 0.6930280480769231 0.7032633004807691 0.720550360576923 0.7147239615384616 0.7051776947115385 0.6301500312499999 0.72183246875 0.6354220576923078 0.743300966346154 0.6211456923076923 0.6986655745192307 0.6015193846153847
5 0.7194755120192308 0.6788053557692308 0.7253531370192309 0.6368419086538462 0.7118495865384615 0.6389806610576922 0.7194755120192308 0.6788053557692308
28 0.5988592716346154 0.5248803846153847 0.5759893798076923 0.5636027283653846 0.5646760144230769 0.56292275 0.5669620625 0.5482240120192308 0.5574819110576923 0.5591185072115384 0.5638926971153846 0.5704623317307692 0.5799683533653845 0.5679161995192308 0.6164181778846154 0.5275373725961539 0.6122864399038461 0.5222593629807692 0.5988592716346154 0.5248803846153847
32 0.513149641826923 0.41239168269230764 0.5117178245192308 0.3908662788461538 0.49356732451923074 0.3719888557692308 0.4672032451923077 0.3761645168269231 0.46132014663461535 0.38896113221153844 0.45488988461538465 0.38997958653846154 0.4526482668269231 0.4091205985576923 0.4671128581730769 0.4172113533653846 0.513149641826923 0.41239168269230764
57 0.38936752884615383 0.5214774038461538 0.38232619471153845 0.5186376995192308 0.35603850000000004 0.5232956298076923 0.3419308798076923 0.500811670673077 0.3153960865384615 0.46645368509615387 0.2774450600961539 0.46406028605769234 0.2777186418269231 0.4699493677884616 0.29247629326923075 0.4715669278846154 0.2792587980769231 0.4879970360576923 0.3283564182692308 0.5316349831730769 0.3711071586538462 0.5560090985576923 0.38723425 0.5371406826923077 0.42328814903846157 0.5358796153846154 0.4315531586538462 0.49650425000000004 0.38936752884615383 0.5214774038461538
56 0.19277921153846153 0.570411173076923 0.15710723076923075 0.5740835889423077 0.13103621634615384 0.5717860504807692 0.12080469951923077 0.586260125 0.13645948076923078 0.6060271995192308 0.15037690625 0.6023397932692307 0.1709981754807692 0.6035230144230769 0.1808602451923077 0.5950398677884615 0.17627020192307694 0.5868682403846154 0.19277921153846153 0.570411173076923
5 0.22271144471153845 0.4722348701923077 0.17216800240384614 0.44860062980769233 0.16167538221153846 0.46558789903846154 0.2125882692307692 0.4832312115384615 0.22271144471153845 0.4722348701923077
28 0.2785470360576923 0.23795969471153844 0.28265382451923077 0.2264331514423077 0.2996016610576923 0.2252319807692308 0.31157753125 0.21344783653846156 0.30467648798076924 0.20317039423076924 0.2950630480769231 0.2007380721153846 0.2760138894230769 0.2136425168269231 0.26580185096153847 0.2157543125 0.2585563173076923 0.22827235096153847 0.23926552884615385 0.23132771153846152 0.24740819230769232 0.23695918990384615 0.2513871658653846 0.24127265865384617 0.2656545576923077 0.2439566033653846 0.2785470360576923 0.23795969471153844
56 0.7307061370192307 0.4708752548076923 0.7134527644230769 0.4701473461538462 0.6965049302884616 0.47134851442307696 0.6938439663461539 0.4628713509615385 0.6865095697115385 0.46650484375 0.6762211514423077 0.4681343701923077 0.6760169495192307 0.4834921129807693 0.6891066274038462 0.4829020144230769 0.7090848701923077 0.4841870793269231 0.73110053125 0.4816888774038462 0.7307061370192307 0.4708752548076923
5 0.7715864735576923 0.8663214134615385 0.7644562788461537 0.8545971658653847 0.7344312427884615 0.8647907091346153 0.7405809206730769 0.8786477283653846 0.7715864735576923 0.8663214134615385
56 0.6415415168269232 0.7069686562499999 0.649398125 0.6983087764423076 0.6449288966346154 0.6950616899038462 0.5854704158653846 0.7316692139423077 0.5911937427884616 0.738672610576923 0.6415415168269232 0.7069686562499999
56 0.09083632932692308 0.20144487259615385 0.0886211923076923 0.18745905048076922 0.07531484134615385 0.1950046153846154 0.07979654567307692 0.20665397596153845 0.09083632932692308 0.20144487259615385