5 0.4963890408653846 0.2082886346153846 0.5028749759615384 0.20105886057692307 0.44033747836538456 0.17869143509615387 0.37304957211538464 0.16000672355769233 0.34749024038461535 0.16690356971153844 0.33685414903846156 0.18178044951923075 0.46796546875 0.22586754086538463 0.48383722115384614 0.21786018990384617 0.4963890408653846 0.2082886346153846
24 0.3985610360576923 0.4818488701923077 0.3956639423076923 0.4944131730769231 0.3977237403846154 0.5106413533653846 0.41645544951923075 0.5305496105769231 0.43439685336538464 0.5382057668269231 0.46304612980769233 0.546048826923077 0.486495889423077 0.544951891826923 0.5170975360576923 0.5368250865384615 0.5387334086538462 0.5245878677884616 0.5503996466346154 0.5082227163461538 0.5510562403846154 0.48978256971153844 0.5528443389423077 0.4832239230769231 0.5428779879807692 0.47890776201923074 0.5249562980769231 0.4701222620192308 0.5036555408653846 0.4631605961538462 0.47761095192307695 0.4595051971153846 0.45081826923076923 0.46035550240384615 0.42794247596153845 0.466922625 0.3985610360576923 0.4818488701923077
56 0.13086060576923078 0.36232431249999997 0.0688374375 0.36801983413461536 0.08305808413461538 0.3970751538461539 0.08908126201923078 0.39718028846153847 0.10208220192307692 0.4002314471153846 0.14056412019230768 0.3816984182692308 0.13086060576923078 0.36232431249999997
28 0.9831320528846154 0.32015141346153847 0.9717812211538461 0.31844703124999996 0.9620312139423077 0.3209127884615385 0.9640027980769231 0.32301829807692306 0.9747271009615385 0.3222640841346154 0.9793986538461539 0.3230987524038461 0.9831320528846154 0.32015141346153847
28 0.920693423076923 0.40717737259615383 0.917038875 0.40560732692307694 0.9133186177884615 0.40780177163461534 0.9053994182692308 0.40126196394230773 0.901013204326923 0.40325650240384614 0.9112747524038463 0.4098371947115385 0.9085090745192308 0.41487252403846153 0.9114713822115385 0.41774845913461534 0.920693423076923 0.40717737259615383
28 0.9131730625000001 0.4544930889423077 0.9037149663461539 0.4594116033653846 0.923313048076923 0.4680380841346154 0.9274434927884615 0.46152032211538463 0.9259018052884616 0.45396214423076925 0.9131730625000001 0.4544930889423077
28 0.9964780817307692 0.5527239711538462 0.9982333197115385 0.5480475673076923 0.9630882548076923 0.5479989543269231 0.9563334086538462 0.5514583990384615 0.9599551033653846 0.5549106875 0.9717292644230769 0.5515388533653847 0.9904746129807692 0.5514894927884615 0.9964780817307692 0.5527239711538462
28 0.9929041778846154 0.6040624903846153 0.9884982524038463 0.607186375 0.9844663725961538 0.6080574062499999 0.9781348557692309 0.6064406346153846 0.9781907067307691 0.6032408221153847 0.9829608245192307 0.5984287596153846 0.9732732427884615 0.5973182548076923 0.9721248173076924 0.6055826033653846 0.9767700865384616 0.6079230673076923 0.98340665625 0.6112396971153846 0.9914441322115385 0.6110034278846154 0.996565295673077 0.6052560865384615 0.9929041778846154 0.6040624903846153
28 0.9305435985576923 0.5907356730769231 0.9366423413461539 0.5865116466346154 0.9333486995192307 0.5834416490384615 0.92730909375 0.5842776370192307 0.9219814423076923 0.5826783894230769 0.919701516826923 0.5790612403846154 0.9093216923076923 0.5792566225961538 0.9092658389423077 0.5824564375 0.9155053629807692 0.5893434879807692 0.9238380360576923 0.5913717548076923 0.9305435985576923 0.5907356730769231
28 0.912611860576923 0.7167596875 0.9265772355769231 0.7220870576923077 0.9343228004807693 0.7193980336538461 0.9303664879807693 0.7159399038461539 0.9150823413461538 0.7094598221153846 0.9050962764423077 0.7062730096153846 0.8944048293269231 0.7051449783653846 0.8839921538461539 0.7072226057692308 0.8792614615384615 0.7097759759615384 0.8812297620192309 0.7120697115384615 0.8889753269230769 0.7093806850961539 0.8939289326923077 0.7132327836538461 0.9022517475961538 0.7158257235576924 0.912611860576923 0.7167596875
28 0.8427916610576923 0.9390313341346155 0.8430605745192307 0.9428016610576923 0.8549952259615385 0.9494115600961539 0.856425701923077 0.9441646418269231 0.8484802211538462 0.9391306274038461 0.8427916610576923 0.9390313341346155
28 0.5243024110576923 0.891108704326923 0.5267691105769231 0.9032017884615384 0.5351050673076924 0.905041826923077 0.5444974543269231 0.9038878004807693 0.5536505 0.8972694278846153 0.56303303125 0.8966800745192308 0.5557272211538462 0.8933517596153846 0.5507670432692308 0.8898761105769231 0.5431331850961538 0.8861655096153847 0.5271370841346154 0.8821206610576924 0.5263955600961538 0.8862499134615385 0.5360700024038462 0.8881133197115385 0.5393702139423077 0.8908068677884615 0.5306799254807693 0.8900903317307692 0.5243024110576923 0.891108704326923
28 0.46550407932692306 0.76958209375 0.46935197355769226 0.779251625 0.4688502908653846 0.7696405024038462 0.46550407932692306 0.76958209375
28 0.5035306153846154 0.8538429182692308 0.5036160384615385 0.8489490865384616 0.4989510552884615 0.84773796875 0.49820296153846155 0.8522436706730769 0.49381674999999997 0.8542382067307692 0.4951158076923077 0.8565202620192308 0.5035306153846154 0.8538429182692308
28 0.30606049038461536 0.8912531923076923 0.3070249302884615 0.89352940625 0.3161089807692308 0.8908637451923076 0.31520696875000004 0.8850112668269231 0.3152529639423077 0.882376125 0.3219486706730769 0.88230471875 0.32860166586538464 0.8846802283653846 0.32932018990384615 0.8818685432692307 0.3183236923076923 0.8790406562499999 0.3099450240384615 0.8796475336538462 0.30353465625 0.8825481466346154 0.3105321298076923 0.8843648221153846 0.3117950456730769 0.8887173461538461 0.30606049038461536 0.8912531923076923
28 0.3426853197115385 0.8832315240384615 0.3325875480769231 0.8864443365384616 0.33016306490384617 0.8911090600961539 0.3300283605769231 0.8988262572115384 0.3344704254807693 0.89363190625 0.3362322403846154 0.8885790528846154 0.3426853197115385 0.8832315240384615
28 0.07288264663461538 0.23215106490384615 0.07427370192307693 0.22916283894230768 0.061905862980769236 0.2281938293269231 0.05897641105769231 0.22343565384615383 0.06340533413461538 0.21899420192307695 0.060472596153846155 0.21442425 0.0530649375 0.21693089182692307 0.05157532211538462 0.2255658485576923 0.05616802163461539 0.2309179014423077 0.07288264663461538 0.23215106490384615
28 0.05961230288461539 0.2445343028846154 0.053635117788461535 0.24179402644230769 0.056108884615384616 0.2343059375 0.04922640384615384 0.22590140865384617 0.04384618509615385 0.22731375 0.051089569711538454 0.23421832451923075 0.039036641826923076 0.2343845048076923 0.03898735817307693 0.23720787019230768 0.045988117788461534 0.2388363221153846 0.04922919230769231 0.2449179110576923 0.0558821875 0.24729341826923076 0.05961230288461539 0.2445343028846154
28 0.736550798076923 0.5056352620192308 0.7475308677884616 0.5094042740384616 0.7517725216346154 0.5156916057692308 0.7578614086538462 0.5120322548076923 0.7566149182692308 0.506738610576923 0.7617328004807693 0.5011794903846154 0.7635044663461539 0.4955619663461538 0.7575699951923076 0.4903747740384615 0.760650579326923 0.48647463221153847 0.753941733173077 0.4872989350961538 0.7512253389423077 0.4895109014423077 0.7431780048076924 0.49031184134615385 0.7401302764423078 0.49232974278846153 0.740386048076923 0.49685296874999996 0.740651673076923 0.5008115192307693 0.7355962163461538 0.502794375 0.7275883100961539 0.501336625 0.724875201923077 0.5033603653846154 0.736550798076923 0.5056352620192308
28 0.7612637788461538 0.6239309663461537 0.7658499086538462 0.62965946875 0.77086265625 0.63012353125 0.7709316490384615 0.6261708173076923 0.7683433870192308 0.6210420336538461 0.7710893533653846 0.6171360504807691 0.7674446610576923 0.6150013317307692 0.7640360264423076 0.6185191875 0.7641444471153847 0.6123077836538461 0.7709387163461539 0.6065896466346155 0.7598929375 0.6065851225961538 0.7537679086538461 0.6123149423076923 0.751340139423077 0.6171678918269231 0.7532755841346154 0.6213438701923076 0.7612637788461538 0.6239309663461537
28 0.8141344014423078 0.6056490961538462 0.8148562115384616 0.6026491875000001 0.8008678365384616 0.5986393846153846 0.7923155336538461 0.5900174278846154 0.7974137019230769 0.58558765625 0.7940872043269231 0.5843999038461538 0.7893532259615385 0.5871414951923077 0.78792275 0.5923884134615385 0.7978036802884615 0.6015984086538462 0.8141344014423078 0.6056490961538462
28 0.6265204134615385 0.596160983173077 0.6262712139423077 0.5912613125 0.6163245745192308 0.5858158052884616 0.6101075528846154 0.59681590625 0.6195947259615384 0.6094080961538462 0.6363323485576923 0.6093236899038461 0.6324318870192307 0.6026657475961539 0.6265204134615385 0.596160983173077
28 0.6323393942307691 0.6271407524038461 0.629370516826923 0.6246412668269231 0.622841875 0.6343179591346153 0.62781190625 0.6372289350961539 0.6331625576923077 0.6375106129807692 0.6412591754807693 0.6338863076923077 0.6461048557692308 0.6247450841346154 0.6397240576923077 0.6259516802884615 0.6365843365384615 0.6332398629807692 0.6298590600961538 0.6350052884615385 0.6279006153846154 0.6321468798076922 0.6323393942307691 0.6271407524038461
28 0.38876633173076924 0.5635804375 0.3829008557692308 0.5544405336538462 0.3761920072115385 0.5552648389423077 0.3807255697115384 0.5640049302884615 0.3742724903846154 0.5693524591346154 0.3816045865384616 0.5711749759615384 0.38876633173076924 0.5635804375
28 0.4341726394230769 0.45516962740384614 0.42826445192307694 0.4484766394230769 0.42529885817307694 0.4457889326923077 0.42022697596153846 0.44871290865384617 0.4152996514423077 0.44335501442307695 0.4095552427884615 0.44645553365384616 0.4145417019230769 0.4484253918269231 0.42555134375 0.4505003822115385 0.42882527403846155 0.4546997259615385 0.41947888461538463 0.45321861057692303 0.4131145120192308 0.45348408653846156 0.40441764903846156 0.45314399759615387 0.3967016538461538 0.4541390072115385 0.4003134903846154 0.45815596634615385 0.4066844302884615 0.45751404326923073 0.42034146875 0.46132978124999996 0.4240650144230769 0.45894711538461536 0.41608338942307693 0.4559835697115385 0.4300816225961538 0.45942869711538464 0.4341726394230769 0.45516962740384614
28 0.5704299951923077 0.16608795673076923 0.5705154182692308 0.16119412259615384 0.5533938918269231 0.1640960528846154 0.542371108173077 0.16277396153846152 0.5399696225961539 0.16612111057692308 0.5315679567307693 0.1680455576923077 0.5328538725961539 0.17108051201923077 0.5506479278846154 0.16800203846153844 0.5704299951923077 0.16608795673076923
28 0.11180821875000001 0.4374927067307692 0.12489129567307693 0.43583825721153846 0.12729934855769232 0.43211465624999995 0.11157216105769231 0.4318401370192308 0.11180821875000001 0.4374927067307692