7 0.23768915144230768 0.3267955625 0.24508362259615385 0.3236024567307692 0.25735799278846155 0.3187945408653846 0.26263283653846153 0.31763905528846154 0.2629620264423077 0.31480563942307693 0.28563684615384616 0.30922852403846157 0.30327819951923074 0.30401553605769227 0.29358025240384616 0.2884483173076923 0.2690578966346154 0.29552182211538464 0.22855744471153847 0.30481110096153846 0.17501912259615388 0.3154473221153846 0.17534788701923076 0.3319110216346154 0.19481471634615385 0.3305364302884615 0.2182794206730769 0.32587796634615385 0.2218602956730769 0.32746955769230773 0.22853063221153846 0.32665054326923076 0.23768915144230768 0.3267955625
7 0.34615696153846154 0.30306713221153847 0.3466012043269231 0.25705510576923074 0.3353407908653846 0.25082044951923077 0.33115863701923076 0.25260349759615386 0.32006044230769226 0.25320445673076925 0.32600146634615385 0.2905613028846154 0.3289278581730769 0.3199093076923077 0.3268168846153846 0.3275318557692308 0.3251886658653846 0.3335716754807692 0.31520522115384614 0.32946540625000004 0.31585409375 0.3568078774038461 0.32112765624999995 0.4135437355769231 0.3083437163461538 0.4417738221153846 0.31519790625 0.46175275 0.32810469711538465 0.43452321394230775 0.32081059375000004 0.4633487764423077 0.33835462740384614 0.49318713942307696 0.3432873004807692 0.4864876730769231 0.34578413461538465 0.4930366370192308 0.3578266370192308 0.45601078124999994 0.35249682692307693 0.3629728798076923 0.34615696153846154 0.30306713221153847
6 0.5396504182692308 0.43140045192307697 0.5439467740384616 0.42503302403846155 0.5404493846153846 0.4186069134615385 0.5312908653846153 0.41846189423076924 0.5023579567307692 0.43648720673076924 0.49870225240384614 0.44531506009615385 0.5009226730769231 0.44961278125 0.5050170120192308 0.4498717884615384 0.5148118557692307 0.4496847644230769 0.5396504182692308 0.43140045192307697
37 0.5015810528846154 0.4439459519230769 0.49928147355769226 0.4472752091346154 0.500681295673077 0.45040414663461537 0.50653103125 0.44841634375 0.5067373701923077 0.44458237740384615 0.5015810528846154 0.4439459519230769
37 0.4481997115384615 0.3014559326923077 0.45617340384615385 0.30022298076923076 0.4557127067307692 0.2964709134615385 0.45088990624999997 0.2957935360576923 0.446374235576923 0.29761753365384613 0.4481997115384615 0.3014559326923077
37 0.47095021875 0.24686514423076922 0.47127940865384615 0.24403172836538461 0.46284934855769233 0.24430508413461538 0.46261229567307693 0.2478889110576923 0.47095021875 0.24686514423076922
6 0.4628000480769231 0.29077643028846156 0.46735075721153846 0.29199503605769234 0.47438532451923077 0.29138520913461535 0.48156912980769234 0.28923360576923074 0.48054694711538465 0.2753941346153846 0.47968698317307695 0.26839028125 0.4777122668269231 0.26609365865384615 0.4782214086538461 0.26196860096153846 0.4705596009615384 0.24919828365384616 0.4710073173076923 0.24457295192307693 0.4633364302884615 0.24551481971153846 0.4618574495192308 0.25001286298076925 0.4605013245192308 0.25551145913461537 0.4579032668269231 0.2619242692307692 0.45948736538461543 0.26655403365384617 0.4611899903846154 0.2693918798076923 0.4597417235576923 0.2741400625 0.4628000480769231 0.29077643028846156
10 0.512582295673077 0.26333560817307694 0.5060304855769231 0.2623627091346154 0.5006371153846154 0.26531010817307693 0.49005238942307694 0.2645784807692308 0.48626518028846155 0.2668208533653846 0.4873314831730769 0.2699907403846154 0.4922459951923077 0.29071564663461535 0.49767440384615386 0.2908108485576923 0.5037084206730769 0.29032387259615383 0.5098916754807692 0.2882951225961538 0.5112612115384615 0.27187680528846153 0.512582295673077 0.26333560817307694
32 0.5153823653846155 0.2502963653846154 0.49906642548076924 0.24976062499999999 0.49670542067307694 0.2525896057692308 0.4887974831730769 0.25711530048076925 0.48173652884615387 0.26026745673076923 0.4899909639423077 0.2640782043269231 0.4988773942307692 0.2647644495192308 0.5043014759615384 0.26206718509615384 0.5186340456730769 0.25472137740384615 0.5227197355769231 0.2493954495192308 0.5153823653846155 0.2502963653846154
38 0.3000567451923077 0.12337415865384616 0.30107893028846155 0.1372136298076923 0.31206725240384614 0.14398950961538462 0.3308229278846154 0.15336640625 0.32412315865384617 0.09604393750000001 0.3191818317307692 0.09715847115384615 0.31369199759615385 0.09656299278846155 0.3081230048076923 0.1035945 0.3000567451923077 0.12337415865384616
5 0.6794632644230769 0.65468515625 0.6605669999999999 0.6524349663461538 0.660329951923077 0.656018795673077 0.6788005576923077 0.6575595216346154 0.6794632644230769 0.65468515625