34 0.5259147403846154 0.32609980769230773 0.5355621081730769 0.3351543629807692 0.5496969086538461 0.34459366105769235 0.5666640168269231 0.3556144951923077 0.5779825480769231 0.3625532860576923 0.5853343701923077 0.3626816105769231 0.5956147427884615 0.3588776057692308 0.6067387187500001 0.3535562283653846 0.6154495192307692 0.3460477956730769 0.6267018221153846 0.3333746009615384 0.6267659855769231 0.3296986875 0.6227190697115385 0.3274831153846154 0.5722870649038462 0.31434605288461537 0.5474794975961539 0.30778464903846153 0.5442173701923078 0.30742128846153843 0.5368067331730769 0.3106625480769231 0.5314222259615384 0.31485843028846155 0.5259949447115384 0.3215049182692308 0.5259147403846154 0.32609980769230773
28 0.3632790889423077 0.8895237067307692 0.36766493028846153 0.8957286490384615 0.3757213341346154 0.9023040745192308 0.38296621875000003 0.9085589206730769 0.38541682692307694 0.9086016971153845 0.39547262740384614 0.9176633774038462 0.40193806971153845 0.9217596826923077 0.4103761730769231 0.9298738677884616 0.4152078774038461 0.9339416562499999 0.4225543509615385 0.9343763100961537 0.42338191586538465 0.9337779158653846 0.42661196153846154 0.9359792307692308 0.4351035360576923 0.9410301610576923 0.43477530528846153 0.936428141826923 0.3837168557692308 0.8889611923076923 0.37567649278846155 0.8814667860576922 0.3703775384615385 0.880761451923077 0.3703240673076923 0.8838247115384615 0.3686849831730769 0.8841025216346154 0.3657885120192308 0.8861968990384615 0.3633325576923077 0.8864604495192308 0.3632790889423077 0.8895237067307692
28 0.39465782451923076 0.9409370168269231 0.4124471466346154 0.9516657836538461 0.41868595192307695 0.9453398774038462 0.4101890288461538 0.9405952764423078 0.39438841105769235 0.9329654134615384 0.3855097908653846 0.9266820528846154 0.3772822836538462 0.9299090504807693 0.3751759471153846 0.9335493149038462 0.37881443028846157 0.9357577596153847 0.38695103846153844 0.9377383004807692 0.39465782451923076 0.9409370168269231
56 0.6006539038461539 0.7021550889423077 0.6011425432692308 0.6975673293269231 0.5958863629807692 0.694411391826923 0.5881474951923077 0.6930506322115384 0.5816392764423077 0.6914049350961539 0.5750187740384616 0.6961920817307692 0.575363045673077 0.6998751201923077 0.5870525841346154 0.7089653197115384 0.5976237596153846 0.7119076129807692 0.6001011033653846 0.7104187596153846 0.6006539038461539 0.7021550889423077
5 0.5610802403846153 0.8393529759615385 0.5571028341346154 0.8331551658653846 0.5349190432692308 0.8401220072115384 0.5356503605769231 0.8450374807692308 0.539702625 0.8469467283653846 0.5610802403846153 0.8393529759615385
5 0.6168049975961538 0.7833316802884615 0.6214174759615385 0.7999588293269231 0.6246742596153846 0.800628516826923 0.6295647788461539 0.80132671875 0.6304137307692308 0.7995030216346154 0.6258333317307693 0.7810379182692307 0.6168049975961538 0.7833316802884615
5 0.872583673076923 0.6885164879807693 0.8556005240384615 0.6784146298076923 0.849796889423077 0.6832160360576923 0.8675969086538462 0.6933321514423076 0.872583673076923 0.6885164879807693
5 0.9458304038461538 0.6585402524038462 0.9260009783653846 0.6710637379807692 0.9332672475961539 0.6760932764423077 0.9530966754807693 0.6635697956730768 0.9458304038461538 0.6585402524038462
5 0.11362094711538462 0.49325572836538456 0.0962314326923077 0.5064346394230769 0.10026231009615386 0.5095691899038461 0.11847938701923076 0.49579188701923077 0.11362094711538462 0.49325572836538456
5 0.02405408894230769 0.47514569471153845 0.0035468125 0.47969044711538467 0.005095000000000001 0.48462017788461537 0.02560227644230769 0.4800754278846154 0.02405408894230769 0.47514569471153845
5 0.24776755528846153 0.34483901201923073 0.24746812740384616 0.3619932620192308 0.25481994951923076 0.3621215889423077 0.25349633173076924 0.3443261682692308 0.24776755528846153 0.34483901201923073