12 0.5686230096153846 0.45109959615384615 0.5536358317307692 0.4410724759615385 0.4846728701923077 0.47072746875000004 0.47789595192307693 0.47774542548076926 0.4949163341346154 0.4879726033653846 0.5609115264423077 0.45895520432692305 0.5686230096153846 0.45109959615384615
56 0.7391466201923076 0.11927448798076923 0.6964335480769231 0.12641289663461538 0.7114338317307692 0.17498917788461538 0.8107196514423076 0.1424923076923077 0.8378778461538462 0.13803758173076924 0.8202228317307692 0.11671656971153846 0.7732681177884615 0.11761204807692308 0.7391466201923076 0.11927448798076923
41 0.48515983653846156 0.48013347115384614 0.4842469302884615 0.47737875721153844 0.48044303605769234 0.47997922115384617 0.4869587403846154 0.4930151610576923 0.49054408653846154 0.49175662499999995 0.48515983653846156 0.48013347115384614
30 0.7669346201923077 0.7172077403846154 0.7855288028846155 0.7223839567307693 0.7954592235576924 0.7130114110576924 0.8283659278846154 0.6859440168269231 0.8007312692307693 0.6734329399038461 0.7819237884615385 0.6658187499999999 0.7516120913461539 0.6726280673076922 0.7433814759615385 0.6822298389423077 0.7522362211538461 0.6912817019230769 0.7723005072115385 0.6940616346153846 0.7669346201923077 0.7172077403846154
56 0.40398568269230767 0.8770847475961538 0.43715620432692304 0.876072423076923 0.4877448365384615 0.8629537764423076 0.48660222596153846 0.857573548076923 0.4323678701923077 0.8674206875 0.40398568269230767 0.8770847475961538
56 0.8229428846153847 0.8581941177884616 0.8498936899038461 0.8590487572115385 0.8501831177884616 0.8546770745192307 0.8236149350961538 0.8543558798076922 0.8229428846153847 0.8581941177884616
5 1 0.7326024855769231 0.9828153774038462 0.74254009375 0.9936698605769231 0.7398897019230769 1 0.7378985408653846 1 0.7326024855769231
5 0.8245214014423077 0.5498425096153846 0.8394921682692308 0.5596820913461539 0.845329266826923 0.5572816899038462 0.8300415072115384 0.5476588125 0.8245214014423077 0.5498425096153846
5 0.3607266418269231 0.7013459182692308 0.38460007451923073 0.6977454879807692 0.38480746875 0.692436125 0.3609340336538462 0.6960365552884615 0.3607266418269231 0.7013459182692308
5 0.8463472139423077 0.48443837019230773 0.8634758894230768 0.4767037235576923 0.8586114230769231 0.4748616442307692 0.84111653125 0.4822503846153846 0.8463472139423077 0.48443837019230773
5 0.7729916850961539 0.44852639423076923 0.779944483173077 0.45887848557692307 0.786563233173077 0.4577325048076923 0.7805449975961539 0.4465427596153846 0.7729916850961539 0.44852639423076923
5 0.0414476923076923 0.7651839086538461 0.04786495192307692 0.7770946298076923 0.056199915865384614 0.7763654158653845 0.04861838461538462 0.7626668341346154 0.0414476923076923 0.7651839086538461