19 0.5889979206730769 0.32572356009615383 0.5894351923076923 0.3171343942307692 0.583077548076923 0.3060646610576923 0.5767750817307692 0.2970595264423077 0.5764548221153846 0.2896120432692308 0.573120625 0.29414143028846157 0.5275383509615384 0.32599699759615386 0.5260340745192308 0.3332204543269231 0.528947170673077 0.3446903798076923 0.5361511274038462 0.3488674302884615 0.5835350985576923 0.32999158173076926 0.5889979206730769 0.32572356009615383
19 0.6639524182692308 0.5423553076923077 0.6765653028846154 0.5175638485576923 0.6624706995192308 0.44380946875 0.6523577596153847 0.45326843028846153 0.6485216153846154 0.43674639663461534 0.6368007187500001 0.4291337860576923 0.6315922019230769 0.4338445961538462 0.6339913004807692 0.4419588942307692 0.63355403125 0.45054805769230766 0.6279593052884616 0.4408066923076923 0.6210594375 0.43666698076923083 0.6144677716346154 0.4576705408653846 0.6166892932692308 0.47728684134615385 0.6283901875000001 0.5453969735576923 0.6383591706730769 0.5396244158653846 0.6530442235576923 0.5356656105769231 0.6596951754807693 0.5418325841346154 0.6639524182692308 0.5423553076923077
4 0.5301584182692308 0.43538328605769233 0.5425937235576923 0.4220938293269231 0.5289258918269231 0.4278237908653846 0.5301584182692308 0.43538328605769233
4 0.5515968245192308 0.4845223774038461 0.5552861730769231 0.4569889855769231 0.5385546153846155 0.4751012692307693 0.5345180625 0.4828369326923077 0.5515968245192308 0.4845223774038461
4 0.7743056274038461 0.518452610576923 0.7702421274038461 0.5138380312499999 0.7672402427884616 0.5081191081730769 0.7650846730769231 0.49550750240384617 0.7637525817307692 0.4887589110576923 0.74739234375 0.4912773341346154 0.7399340817307691 0.4866574951923077 0.7340891634615385 0.50157928125 0.7320480504807693 0.5182028052884615 0.7346732283653845 0.5370455384615385 0.7420211442307691 0.5375361850961539 0.7512487692307693 0.5403154543269231 0.7594699471153846 0.5462636586538461 0.7684661009615384 0.5358444423076923 0.7743056274038461 0.518452610576923
4 0.8948421225961538 0.6102151874999999 0.8910221466346153 0.6011033004807692 0.8854489831730769 0.6012421298076923 0.8776260673076923 0.5920503076923077 0.8611824326923077 0.60278978125 0.8641843173076923 0.6085087043269231 0.8677392091346154 0.6122377043269231 0.8739421081730769 0.6220537427884616 0.8798193653846155 0.6219522524038462 0.8859011442307693 0.622699 0.8948421225961538 0.6102151874999999
4 0.7556899735576923 0.41615673076923076 0.754800545673077 0.40328902403846156 0.7451302620192308 0.4066288701923077 0.7475791418269231 0.4143377139423077 0.7556899735576923 0.41615673076923076
4 0.6554078701923077 0.38820418509615384 0.6468987716346154 0.3896287860576923 0.6464614975961538 0.3982179495192308 0.6538538100961537 0.39583309375 0.6554078701923077 0.38820418509615384
4 0.6366428653846155 0.2871246610576923 0.6334148990384616 0.27067730048076927 0.6251708870192307 0.27748478846153846 0.6260213125 0.29569804326923077 0.6252193918269231 0.2997152235576923 0.6215474903846154 0.3120228701923077 0.6335509158653847 0.309792625 0.6374879038461538 0.30286786778846153 0.6366428653846155 0.2871246610576923
4 0.5794462091346154 0.3834044735576923 0.5886953894230769 0.39606393509615384 0.5949547427884615 0.38530868269230767 0.5794462091346154 0.3834044735576923
4 0.5878398533653846 0.46839423798076923 0.601612639423077 0.46432342067307697 0.6038246610576923 0.45636373317307694 0.5838261346153846 0.46337420432692306 0.5878398533653846 0.46839423798076923
4 0.6686117644230769 0.47172675 0.6704794110576924 0.4917111634615384 0.6762571009615385 0.49242057451923077 0.6847998149038462 0.483180375 0.6749976298076923 0.4725108365384615 0.6686117644230769 0.47172675
4 0.5496473341346154 0.5431367283653846 0.5526720528846154 0.5360999567307693 0.5512740120192308 0.5223466706730769 0.5401828485576923 0.5246889278846154 0.5438306394230769 0.5477728653846154 0.5496473341346154 0.5431367283653846
4 0.48981883173076923 0.6407396514423076 0.4996276826923077 0.6312433509615385 0.4794420817307692 0.6221798389423078 0.46945154086538465 0.6180722043269231 0.44793796153846155 0.6273660384615384 0.45267559134615387 0.639059985576923 0.46984853125 0.6374644783653847 0.47340342067307695 0.6411934807692308 0.48981883173076923 0.6407396514423076
4 0.3370828076923077 0.6302173173076924 0.3422913221153846 0.6255065024038462 0.3484726682692308 0.6254423485576923 0.34667097115384615 0.6124626274038462 0.3342692788461538 0.6179364879807692 0.3370828076923077 0.6302173173076924
4 0.6280391490384616 0.5935069158653846 0.618064778846154 0.5968094254807692 0.607692141826923 0.6033555504807693 0.6123799903846154 0.615454951923077 0.6132196370192308 0.6287281105769231 0.6131187932692308 0.6521749038461538 0.6167732475961538 0.655093 0.6253616346153846 0.6203414134615385 0.6280391490384616 0.5935069158653846
4 0.6920214975961538 0.5651452884615384 0.6817658725961538 0.5556547644230769 0.6647530625000001 0.5609740144230769 0.6569073149038461 0.5645378870192308 0.6508753197115384 0.5633856875000001 0.6486081274038462 0.5692807764423077 0.6422222596153847 0.5684966899038462 0.6487184735576924 0.5734099711538462 0.6490333413461538 0.57838740625 0.6412319831730768 0.5790757788461538 0.6469814495192308 0.5900708341346154 0.6504757764423077 0.5892651899038461 0.658707733173077 0.6001534975961539 0.6676864423076924 0.6049600216346154 0.6784789038461538 0.6050504759615385 0.6866785216346153 0.6011184903846154 0.6925234423076922 0.5861967043269231 0.6920214975961538 0.5651452884615384
4 0.5891268293269231 0.6866814302884615 0.5780800649038461 0.6861481850961538 0.5764870024038461 0.6991226442307692 0.5806002836538462 0.7033317716346155 0.5866161105769231 0.697073826923077 0.593715110576923 0.699591733173077 0.5975027475961538 0.6938833269230769 0.5891268293269231 0.6866814302884615
4 0.6105485096153846 0.5423831634615385 0.607601798076923 0.5387288365384616 0.6042298725961538 0.5259678798076923 0.5879301947115384 0.533020951923077 0.5767448605769231 0.5386441610576923 0.5946524903846154 0.5486626682692308 0.6038195504807692 0.5469072884615385 0.6173098052884616 0.5526793293269231 0.6157678028846154 0.5426124471153846 0.6105485096153846 0.5423831634615385
4 0.6581198389423076 0.6325949038461538 0.6599012548076922 0.6130585384615385 0.6512818100961538 0.6103539471153846 0.65386259375 0.6320721802884616 0.6581198389423076 0.6325949038461538
4 0.7050690937499999 0.5770364423076922 0.7045994855769231 0.5708053149038462 0.7009504206730769 0.5703572644230769 0.7024049134615384 0.5635392572115385 0.6969810961538462 0.5624617331730769 0.6924305408653846 0.5668417692307692 0.6943815889423077 0.5786051322115384 0.6914282115384616 0.5951166466346154 0.6934290408653846 0.6064745600961539 0.7040115889423078 0.6032467235576923 0.7106355937500001 0.597063451923077 0.7078274519230768 0.5872526730769231 0.70948646875 0.58128290625 0.7050690937499999 0.5770364423076922
4 0.6941396201923078 0.6534801562499999 0.7038758557692308 0.6571450024038461 0.7102065480769231 0.6558644903846154 0.7069947524038462 0.6468272788461539 0.7024334182692308 0.6462672163461539 0.6941396201923078 0.6534801562499999
4 0.6797142596153846 0.660351798076923 0.6821859759615384 0.6553049495192307 0.6844370000000001 0.6419997139423077 0.6763315576923077 0.6426507475961538 0.6687401129807693 0.6466574086538461 0.6797142596153846 0.660351798076923
4 0.6676892764423077 0.6527018509615385 0.6677216129807693 0.667522141826923 0.6692636153846153 0.6775890216346153 0.6725480312500001 0.6734650889423077 0.6740751442307692 0.6534859350961538 0.6710786466346155 0.6502370600961539 0.6676892764423077 0.6527018509615385
4 0.6839930625 0.67075471875 0.6880283413461539 0.6856549423076923 0.6936902932692307 0.6797651129807692 0.6839930625 0.67075471875
4 0.5082886875 0.5833306177884615 0.5108425240384615 0.5926986057692308 0.5157133341346154 0.5957660552884616 0.5197942836538462 0.585154891826923 0.5150782091346154 0.5833411370192307 0.5082886875 0.5833306177884615
4 0.6344722451923077 0.6391573293269232 0.6373530048076923 0.6358069591346154 0.6270422091346154 0.6242518413461539 0.6232599591346154 0.632430295673077 0.626786625 0.6464449423076922 0.6324095745192307 0.6459006610576924 0.6277661201923077 0.6309257572115385 0.6344722451923077 0.6391573293269232
4 0.46786442788461535 0.8195439206730769 0.46274469951923075 0.818503735576923 0.4548383870192308 0.8175329615384614 0.45845922836538466 0.82826665625 0.46490565865384614 0.8335853870192308 0.46916290144230766 0.834108110576923 0.4707667451923077 0.82607375 0.46786442788461535 0.8195439206730769
4 0.64694528125 0.6431582115384615 0.657704125 0.6510642620192308 0.6514514399038462 0.6416536754807692 0.6474928966346154 0.6386982403846153 0.64694528125 0.6431582115384615
4 0.66457165625 0.6403836850961538 0.6634872019230769 0.6542437235576923 0.6687293341346153 0.6417173100961538 0.66457165625 0.6403836850961538
4 0.5889803149038462 0.7356396105769231 0.5856958990384615 0.7397635432692307 0.5995952019230769 0.7472320673076923 0.6029294014423077 0.7427026802884615 0.5951724375 0.7405155528846153 0.5889803149038462 0.7356396105769231
4 0.6458218221153846 0.662363798076923 0.6452795961538461 0.6692938173076922 0.6527163004807692 0.6640334615384614 0.6511299038461539 0.6568420817307692 0.6423167163461538 0.65822934375 0.6458218221153846 0.662363798076923
4 0.6020717475961539 0.5586280552884616 0.6094748365384615 0.561183298076923 0.6078884399038461 0.5539919158653845 0.6020717475961539 0.5586280552884616
4 0.5772429711538462 0.6276032475961538 0.5782440240384615 0.6219642596153846 0.5736275168269231 0.6193396009615384 0.5705086225961539 0.6296573245192308 0.5772429711538462 0.6276032475961538
4 0.6216551201923076 0.7561141490384615 0.6093758293269231 0.7480214110576924 0.6177127427884616 0.760568860576923 0.6216551201923076 0.7561141490384615
4 0.7062780649038461 0.8060147307692307 0.7131173701923077 0.8056197980769231 0.7118296730769231 0.7959957067307692 0.714240826923077 0.7864142115384615 0.7076719951923077 0.7946620793269231 0.7062780649038461 0.8060147307692307
4 0.7913880625 0.8469206947115384 0.7957623221153847 0.8314067716346153 0.7898850649038462 0.8315082668269231 0.7876340408653846 0.8448135024038461 0.7913880625 0.8469206947115384
4 0.669402625 0.3697558653846154 0.6662177740384615 0.3730688966346154 0.6642492836538462 0.37653127403846154 0.6736814278846153 0.38015878365384614 0.669402625 0.3697558653846154
4 0.6395139639423076 0.6508886129807692 0.6295342043269231 0.6517210745192308 0.6306617716346155 0.6576214254807693 0.6412443221153846 0.6543935913461538 0.6395139639423076 0.6508886129807692
4 0.6256079975961538 0.6635859326923076 0.6228052451923076 0.6562452019230769 0.620488266826923 0.6625457451923077 0.6236448918269232 0.669518360576923 0.6256079975961538 0.6635859326923076
4 0.6178969855769231 0.7289010192307692 0.6189195985576923 0.7331422235576923 0.6254332548076923 0.7228297620192308 0.6255220432692308 0.7170787596153846 0.6218837572115384 0.7215708100961538 0.6178969855769231 0.7289010192307692
4 0.6333826826923077 0.7435609230769231 0.6309781971153845 0.7329765769230769 0.6266819471153846 0.7377994014423077 0.6333826826923077 0.7435609230769231
4 0.6690544230769231 0.4656076346153846 0.6709946899038461 0.4724308990384615 0.681831545673077 0.46964585336538456 0.6732013197115384 0.46200116586538464 0.6690544230769231 0.4656076346153846
4 0.6801094110576924 0.5163527524038461 0.6877062451923077 0.5148161394230769 0.68379209375 0.5089852043269231 0.6801094110576924 0.5163527524038461
4 0.3104717764423077 0.43968805769230773 0.30795566826923076 0.44761040865384616 0.3176421177884615 0.4516807067307692 0.33496440625 0.4488688413461538 0.3310394735576923 0.4380978100961539 0.3179246490384615 0.44183784855769226 0.3104717764423077 0.43968805769230773
4 0.6519231634615384 0.9042897283653846 0.6462894350961539 0.8998939134615385 0.6327763413461539 0.9068775673076923 0.6409867427884616 0.9078856778846155 0.6519231634615384 0.9042897283653846
4 0.8167644567307693 0.7734855336538462 0.8143707475961539 0.7678412860576922 0.8080898365384616 0.76871634375 0.8022839230769231 0.7782925793269231 0.8060433341346154 0.7828698221153847 0.8167644567307693 0.7734855336538462
4 0.64891165625 0.38329090625 0.6404523413461539 0.38431005528846157 0.6485685625000001 0.3885991177884615 0.64891165625 0.38329090625
4 0.9196459471153846 0.2975907644230769 0.927933079326923 0.31054366586538457 0.9285089182692308 0.29579804807692306 0.9196459471153846 0.2975907644230769
4 0.9428616586538462 0.3020875528846154 0.9300347524038461 0.29845478365384615 0.930979358173077 0.3133870889423077 0.9428616586538462 0.3020875528846154
4 0.9311582091346153 0.2792491971153846 0.9250926009615384 0.2859125961538461 0.9295705360576924 0.29469370432692304 0.9364206201923077 0.29923887019230766 0.9452835913461539 0.29744615625 0.9378643341346155 0.2874807692307692 0.9311582091346153 0.2792491971153846
4 0.9592501225961538 0.2892834831730769 0.9573098557692308 0.28246021634615387 0.9480930096153847 0.28462104567307694 0.951398985576923 0.2903773076923077 0.9592501225961538 0.2892834831730769
4 0.5396876923076923 0.9711755817307692 0.5357735408653845 0.9653446442307693 0.530714375 0.9688391033653846 0.5348330504807692 0.9755182788461538 0.5482627427884615 0.9767556754807691 0.550585110576923 0.9729251802884615 0.5396876923076923 0.9711755817307692
5 0.8028778076923077 0.05195420673076923 0.8050454350961539 0.046870019230769236 0.7868391057692308 0.03928422596153846 0.7871041899038461 0.044667110576923075 0.8028778076923077 0.05195420673076923