42 0.4963157427884616 0.6442941538461538 0.4904579879807692 0.6468654350961539 0.4934239447115385 0.6576135024038462 0.4949016610576923 0.6595927740384616 0.5061423004807692 0.6572865769230769 0.5140273125 0.6544663798076923 0.516934889423077 0.6513313125 0.5174470961538462 0.6487990336538462 0.5270659278846154 0.6466919711538461 0.5410700576923078 0.6434291153846154 0.552273358173077 0.640818829326923 0.5629965336538462 0.6376501490384616 0.5705134326923077 0.6351838221153846 0.5714310889423077 0.6326017620192308 0.5692918173076923 0.6319384110576922 0.5635781538461538 0.6323312860576924 0.5527056274038462 0.6342836105769231 0.5427560168269231 0.6370486370192308 0.5320328437499999 0.6402173173076923 0.5169243725961539 0.6445417908653847 0.5151158774038461 0.6432204807692308 0.5133447211538461 0.6422032572115385 0.5083299471153846 0.6415843004807692 0.5030964110576923 0.6425355721153847 0.4963157427884616 0.6442941538461538
56 0.6116970576923078 0.7091474879807692 0.6384300625 0.7123472259615385 0.6408948509615384 0.7089578557692308 0.6150847620192308 0.7065708149038462 0.6116970576923078 0.7091474879807692
5 0.571199798076923 0.9592065673076923 0.5642424399038461 0.9896934639423077 0.5716899254807692 0.9900137211538461 0.5772494975961538 0.9615504903846154 0.571199798076923 0.9592065673076923
5 0.7370427211538462 0.8283385552884616 0.7145824831730769 0.8465299951923076 0.7192343990384615 0.8508975841346154 0.740883735576923 0.8328057139423077 0.7370427211538462 0.8283385552884616
5 0.4354674399038462 0.58447459375 0.42581127163461535 0.5862775673076923 0.42650438461538465 0.6053302139423077 0.4343252427884616 0.6086913605769231 0.43749418269230766 0.6076849158653845 0.4354674399038462 0.58447459375
5 0.44287907451923075 0.2761258990384615 0.44198297596153846 0.26882776442307693 0.4158952283653846 0.27758706009615386 0.4174528798076923 0.28356926923076925 0.4340338100961538 0.27782931009615386 0.44287907451923075 0.2761258990384615
5 0.7693199014423077 0.29345725 0.7681356225961539 0.2905159278846154 0.7631955264423076 0.29050514663461535 0.7376410192307692 0.31031120673076923 0.7420689110576923 0.31285426442307696 0.7693199014423077 0.29345725
5 0.9194003461538462 0.7917488822115384 0.9189522956730769 0.7880998149038461 0.9211504639423077 0.7791870600961539 0.9303585841346155 0.773735016826923 0.9281393774038461 0.7690687307692308 0.9149514134615385 0.77562678125 0.91194234375 0.7846391033653847 0.9169676346153846 0.7920475817307693 0.9194003461538462 0.7917488822115384
5 0.89550128125 0.7378874206730769 0.8869441947115385 0.7352340192307693 0.8872534134615384 0.74445625 0.8997472283653847 0.7657640336538462 0.9076322403846154 0.7629438341346154 0.89550128125 0.7378874206730769
5 0.9489346947115384 0.7708368100961539 0.9481027524038462 0.7573573341346154 0.9192089182692308 0.7633744375 0.9199556658653846 0.7694562163461539 0.9355868605769231 0.769388985576923 0.9489346947115384 0.7708368100961539
5 0.9053971850961537 0.5101061153846154 0.8609468317307692 0.516798625 0.8618429302884615 0.5240967596153846 0.9068801634615385 0.5154801490384615 0.9053971850961537 0.5101061153846154
5 0.7795703557692307 0.4372751298076923 0.7609626850961538 0.4198047692307692 0.7538885769230769 0.42252539903846154 0.7750783052884616 0.44091341586538463 0.7795703557692307 0.4372751298076923
5 0.7136146850961538 0.22189395913461538 0.6936407908653847 0.22681583173076922 0.6951984423076923 0.23279804086538464 0.7144361081730769 0.2285839158653846 0.7136146850961538 0.22189395913461538
5 0.7976215264423078 0.04798233653846154 0.7974721778846153 0.04676598076923077 0.7719607884615385 0.04681165384615385 0.7715232572115384 0.04995210817307692 0.7976215264423078 0.04798233653846154
5 0.8514598725961539 0.10434118269230769 0.8493900144230769 0.10089125240384617 0.8342068701923077 0.10460754807692307 0.8306750745192308 0.10936262259615384 0.8333318100961539 0.11088845673076923 0.8514598725961539 0.10434118269230769
5 0.7048798028846155 0.056900204326923075 0.7050396706730768 0.06490608173076923 0.7122631322115385 0.06340180528846154 0.7129141634615385 0.055296360576923075 0.7048798028846155 0.056900204326923075
5 0.946269375 0.19271020673076922 0.9250365288461538 0.19408257932692308 0.9280666394230769 0.19864930288461538 0.9460558701923076 0.19767519711538462 0.946269375 0.19271020673076922
5 0.26538597596153846 0.8350109471153846 0.2573084975961538 0.8563751778846154 0.2657162331730769 0.8578122235576923 0.2756395432692308 0.8380733918269231 0.26538597596153846 0.8350109471153846