42 0.4988345841346154 0.6443364759615384 0.49302259615384614 0.6470095985576924 0.49617568028846154 0.657704264423077 0.4976877163461539 0.6596574471153847 0.5088863942307692 0.6571554230769231 0.516720985576923 0.6541980432692308 0.51957340625 0.6510127091346154 0.5200413389423078 0.6484718774038462 0.5296219326923077 0.6461972620192308 0.5435669855769231 0.6426904999999999 0.5547230240384615 0.6398850865384615 0.565389266826923 0.6365297427884615 0.5728619759615385 0.6339326033653846 0.5737344278846154 0.631334920673077 0.57158390625 0.6307090072115386 0.5658779711538462 0.6312015408653846 0.5550411706730769 0.6333433197115385 0.5451413341346154 0.6362815697115385 0.53447509375 0.6396369110576923 0.5194443966346154 0.64422440625 0.5176131153846154 0.6429348581730768 0.5158244783653847 0.641948701923077 0.5107996658653846 0.6414173581730769 0.5055835288461539 0.6424598221153845 0.4988345841346154 0.6443364759615384
56 0.6153301730769231 0.70716625 0.6421149495192308 0.7098989471153847 0.6445202091346154 0.706467076923077 0.618672391826923 0.7045308485576923 0.6153301730769231 0.70716625
5 0.5792032139423077 0.9578940192307692 0.5727789855769231 0.9884976971153846 0.5802309254807693 0.9886879302884615 0.5852928990384615 0.9601320048076923 0.5792032139423077 0.9578940192307692
5 0.7427369182692308 0.8241515817307692 0.7205975841346154 0.8427322355769231 0.7253250168269231 0.8470179735576924 0.7466553076923077 0.8285510240384616 0.7427369182692308 0.8241515817307692
5 0.4369515552884616 0.5855879759615384 0.42732832211538463 0.5875591995192307 0.42835384375 0.6065968461538461 0.4362321706730769 0.6098209879807692 0.43938306250000003 0.6087593918269231 0.4369515552884616 0.5855879759615384
5 0.43898063221153844 0.2771568942307692 0.4379573004807692 0.26987551201923077 0.41202639663461543 0.27908876442307695 0.4136882163461539 0.28504287980769233 0.4301664423076923 0.2790144158653846 0.43898063221153844 0.2771568942307692
5 0.7656742139423076 0.2887884254807692 0.76443878125 0.2858682211538462 0.75949925 0.28594365865384613 0.7342943004807693 0.3061926899038462 0.7387658990384616 0.3086580841346154 0.7656742139423076 0.2887884254807692
5 0.9244281899038461 0.7843849014423078 0.9239165240384615 0.7807442091346153 0.9259588052884615 0.7717944495192307 0.9350703725961539 0.7661825336538463 0.9327700673076923 0.7615556875 0.9196985649038462 0.7683428990384615 0.9168472403846154 0.7774063653846154 0.9220010600961538 0.7847260120192308 0.9244281899038461 0.7843849014423078
5 0.8995927524038462 0.7309487403846154 0.8909906610576923 0.7284450841346154 0.8914607836538462 0.737660514423077 0.9043245649038462 0.7587470048076923 0.9121591586538462 0.7557896225961538 0.8995927524038462 0.7309487403846154
5 0.9535930745192308 0.7629605697115385 0.9525260072115385 0.7494976658653846 0.9237415865384615 0.7560181201923076 0.9245943629807692 0.7620859399038462 0.9402220048076924 0.7617459158653846 0.9535930745192308 0.7629605697115385
5 0.9055118173076924 0.5030294182692308 0.8611850336538461 0.5104966754807692 0.8622083653846153 0.5177780600961538 0.9070883581730769 0.5083767524038462 0.9055118173076924 0.5030294182692308
5 0.7784330745192308 0.4324055072115385 0.7595233389423076 0.41526255528846157 0.7524977908653846 0.41810623317307694 0.7740052067307693 0.4361216370192308 0.7784330745192308 0.4324055072115385
5 0.70872853125 0.21820822596153844 0.6888435769230769 0.22347793990384618 0.6905053942307693 0.22943205528846156 0.7096665841346154 0.2248828269230769 0.70872853125 0.21820822596153844
5 0.7896874014423076 0.04285696875 0.7895168461538462 0.04164340625 0.7640101394230769 0.042134307692307686 0.7636274855769231 0.045281918269230774 0.7896874014423076 0.04285696875
5 0.8445011442307693 0.09826762259615385 0.8423713942307691 0.09485434134615385 0.8272554182692308 0.09883505288461537 0.8238071490384615 0.10365104326923077 0.8264901081730769 0.10513027884615384 0.8445011442307693 0.09826762259615385
5 0.6971154423076923 0.05339204326923076 0.6974150072115385 0.06139391105769231 0.7046111129807693 0.05976379807692308 0.7051205889423078 0.051648228365384616 0.6971154423076923 0.05339204326923076
5 0.9408384591346154 0.18496853365384616 0.9196328004807692 0.18671126201923077 0.9227421490384615 0.19122440624999998 0.940711639423077 0.18993649519230768 0.9408384591346154 0.18496853365384616
5 0.2712684567307692 0.8390545024038462 0.2635650649038462 0.8605564495192308 0.2719966009615385 0.8618465432692308 0.2815739086538462 0.8419375336538462 0.2712684567307692 0.8390545024038462