42 0.4566856057692308 0.637688923076923 0.4503460288461539 0.638545983173077 0.45023451923076924 0.6496952139423077 0.45110943269230763 0.6520051274038461 0.4625503028846154 0.652886610576923 0.4709072139423077 0.6523490649038461 0.4745662980769231 0.6501368822115385 0.4757566514423077 0.6478438846153847 0.4855836514423077 0.6484697524038462 0.4999446514423077 0.6491933557692308 0.5114334471153846 0.6497722355769231 0.5226146322115385 0.6496820120192308 0.5305201490384616 0.6493831658653846 0.5321139711538462 0.6471540697115384 0.5302404158653846 0.6459267524038462 0.5246397980769231 0.6447295120192307 0.5136503197115384 0.6436093317307693 0.5033239975961539 0.6435247620192308 0.49214281490384615 0.6436149855769231 0.47642763221153844 0.6436074783653846 0.47505339903846155 0.6418388629807693 0.4736312379807692 0.6403728485576923 0.4689813389423077 0.6383956105769231 0.4636883341346154 0.6378674711538461 0.4566856057692308 0.637688923076923
56 0.5497212427884615 0.7318333509615385 0.5745366875 0.7422777500000001 0.5778402307692307 0.7396990673076923 0.5536879399038461 0.7302902716346154 0.5497212427884615 0.7318333509615385
5 0.4418671538461538 0.9610430072115383 0.4267759855769231 0.9884311874999999 0.4338466923076923 0.99079184375 0.4470364254807692 0.96496365625 0.4418671538461538 0.9610430072115383
5 0.6373577187499999 0.8809571057692308 0.6107533100961539 0.8922529591346154 0.6140211490384615 0.8977335985576923 0.639818622596154 0.8863099399038461 0.6373577187499999 0.8809571057692308
5 0.41468296875 0.5634146057692307 0.4049038966346154 0.5624861370192308 0.4003185384615385 0.5809917620192308 0.4069099711538462 0.5863784254807692 0.41023356490384616 0.5862844471153846 0.41468296875 0.5634146057692307
5 0.5067999086538462 0.2690537427884615 0.5079501610576923 0.26179132692307694 0.48045862019230773 0.26302054326923074 0.48030700961538464 0.2692003581730769 0.4978277692307692 0.2682530793269231 0.5067999086538462 0.2690537427884615
5 0.8158178028846154 0.3756929903846154 0.8154901394230769 0.37253917788461544 0.8107443846153846 0.37116714182692306 0.7807205264423077 0.3831621730769231 0.7842759278846153 0.38682720673076926 0.8158178028846154 0.3756929903846154
5 0.8227365961538461 0.8960494254807692 0.8233117235576923 0.8924182187499999 0.8278814254807692 0.8844566274038462 0.838235625 0.881753889423077 0.8373885913461538 0.8766566706730768 0.8229038629807692 0.8793255769230769 0.8175272259615384 0.8871593653846154 0.8203157932692308 0.8956660096153846 0.8227365961538461 0.8960494254807692
5 0.8146095721153847 0.8376869927884615 0.8071153509615385 0.8327777259615385 0.8048705985576923 0.8417279375 0.8110072019230768 0.8656540528846153 0.8193641153846154 0.8651165096153846 0.8146095721153847 0.8376869927884615
5 0.856890983173077 0.8840882235576923 0.8598067163461539 0.8709016057692308 0.8303736418269231 0.8687213966346155 0.8294150961538461 0.8747734086538461 0.844459295673077 0.8790173221153845 0.856890983173077 0.8840882235576923
5 0.8869071634615384 0.6214572283653846 0.8423340360576923 0.6156383052884615 0.84118378125 0.6229007211538462 0.8868514086538462 0.6270318461538462 0.8869071634615384 0.6214572283653846
5 0.7860295913461539 0.5167650168269231 0.7729582355769231 0.4948424591346154 0.7654082572115384 0.49550781009615386 0.7807087091346154 0.5190241875 0.7860295913461539 0.5167650168269231
5 0.7819960288461538 0.29154750240384614 0.7614392379807692 0.2907731586538462 0.7612876274038461 0.2969529735576923 0.7809416298076923 0.29820471634615386 0.7819960288461538 0.29154750240384614
5 0.9106851274038461 0.14752834615384616 0.9108768365384615 0.14631794230769232 0.8863411250000001 0.13932995432692308 0.8850549182692308 0.14222815384615387 0.9106851274038461 0.14752834615384616
5 0.9469032644230769 0.21654380528846154 0.9458645192307693 0.2126569879807692 0.9302451923076924 0.21204427884615384 0.9255395360576923 0.21564165625 0.9276727788461538 0.2178406778846154 0.9469032644230769 0.21654380528846154
5 0.8190779639423076 0.13053766586538462 0.8170249206730769 0.13827747355769232 0.8243831899038461 0.1388225264423077 0.8272431658653846 0.13121052403846153 0.8190779639423076 0.13053766586538462
5 1 0.3246389350961539 0.9928936033653847 0.3230892475961538 0.9945475745192307 0.32831427403846153 1 0.32956309615384616 1 0.3246389350961539
5 0.1821329951923077 0.7573648028846154 0.16847964182692307 0.7756749639423077 0.1761655745192308 0.779373826923077 0.1911452307692308 0.7631348798076923 0.1821329951923077 0.7573648028846154